5 0.03125 0.32023895851576184 0.0341796875 0.31000301007005254 0.0458984375 0.3158521234676007 0.0712890625 0.30415389667250436 0.0947265625 0.2690592162872154 0.1044921875 0.27198377298598947 0.11328125 0.25589871114273205 0.10546875 0.1886339070709282 0.0791015625 0.14915239163747812 0.0400390625 0.1637751751313485 0.0107421875 0.1637751751313485 0.005859375 0.17108656687828372 0.00390625 0.21203036066112085 0 0.217879474058669 0 0.3056161750218914 0.0244140625 0.32170123686514884
5 0.234375 0.32608807191330996 0.240234375 0.3173144018169877 0.244140625 0.28514427813047283 0.244140625 0.2588232678415061 0.23828125 0.24127592764886166 0.2236328125 0.22811542250437827 0.1884765625 0.22811542250437827 0.1787109375 0.2368890926007005 0.169921875 0.252974154443958 0.16796875 0.2792951647329247 0.1982421875 0.3187766801663748 0.2138671875 0.327550350262697
5 0.3828125 0.34655996880472856 0.4091796875 0.3333994636602452 0.419921875 0.3085407317206655 0.4072265625 0.2749083296847636 0.3779296875 0.2690592162872154 0.359375 0.28221972143169877 0.35546875 0.2939179482267951 0.35546875 0.3348617420096322 0.3662109375 0.34802224715411556
5 0.48046875 0.3114652884194396 0.494140625 0.2968425049255692 0.5048828125 0.27198377298598947 0.521484375 0.2646723812390543 0.5107421875 0.23396453590192645 0.4873046875 0.23103997920315236 0.470703125 0.25004959774518387 0.46484375 0.28514427813047283 0.46875 0.29976706162434325
5 1 0.36410730899737304 1 0.30269161832311736 0.9697265625 0.31000301007005254 0.96484375 0.3173144018169877 0.96484375 0.33193718531085814 0.9794921875 0.3392485770577933
5 0.927734375 0.35825819559982486 0.9443359375 0.35387136055166374 0.947265625 0.3377862987084063 0.9287109375 0.3070784533712785 0.9091796875 0.289531113178634 0.8701171875 0.30415389667250436 0.859375 0.3348617420096322 0.8603515625 0.3509468038528897 0.8662109375 0.34217313375656744 0.8759765625 0.34217313375656744 0.8916015625 0.35387136055166374
7 0.978515625 0.46061768005691767 1 0.4430703398642732 1 0.4284475563704028 0.9873046875 0.4211361646234676 0.98046875 0.40505110278021017 0.9853515625 0.3948151543345009 0.9990234375 0.3889660409369527 0.9990234375 0.38019237084063046 0.9794921875 0.3889660409369527 0.9560546875 0.38604148423817863 0.951171875 0.39627743268388793 0.955078125 0.43722122646672507 0.9658203125 0.45623084500875655
5 0.71484375 0.3728809790936953 0.720703125 0.361182752298599 0.71484375 0.34655996880472856 0.7109375 0.3056161750218914 0.7021484375 0.2953802265761821 0.6787109375 0.29830478327495624 0.673828125 0.3377862987084063 0.6884765625 0.327550350262697 0.7021484375 0.3304749069614711 0.712890625 0.3494845255035026 0.7109375 0.3728809790936953
7 0.095703125 0.3845792058887916 0.109375 0.3699564223949212 0.1171875 0.33193718531085814 0.1171875 0.3114652884194396 0.1005859375 0.27783288638353765 0.095703125 0.28221972143169877 0.099609375 0.3085407317206655 0.0947265625 0.3158521234676007 0.08984375 0.2939179482267951 0.0869140625 0.289531113178634 0.083984375 0.2939179482267951 0.091796875 0.3377862987084063 0.087890625 0.3816546491900175
7 0.1796875 0.361182752298599 0.1875 0.3524090822022767 0.1875 0.3377862987084063 0.17578125 0.32023895851576184 0.1826171875 0.3012293399737303 0.166015625 0.3056161750218914 0.16796875 0.34655996880472856
7 0.515625 0.3290126286120841 0.53125 0.3085407317206655 0.53125 0.28806883482924694 0.5244140625 0.27783288638353765 0.50390625 0.3085407317206655 0.509765625 0.3290126286120841
7 0.69921875 0.3875037625875657 0.712890625 0.37580553579246934 0.7109375 0.3494845255035026 0.7080078125 0.3450976904553415 0.6845703125 0.3509468038528897 0.6748046875 0.3450976904553415 0.673828125 0.37580553579246934 0.6884765625 0.3889660409369527
7 0.8828125 0.4284475563704028 0.892578125 0.4138247728765324 0.888671875 0.3728809790936953 0.8564453125 0.37434325744308233 0.85546875 0.3933528759851138 0.861328125 0.4138247728765324
9 0.171875 0.9314713085595446 0.16796875 0.9811887724387041 0.1728515625 0.9943492775831874 0.2158203125 0.9972738342819615 0.224609375 0.9899624425350263 0.21484375 0.9343958652583187 0.1826171875 0.8919897931260946 0.17578125 0.8993011848730298
9 0.0029296875 0.3948151543345009 0 0.9373204219570929 0.015625 0.9958115559325744 0.0302734375 0.9972738342819615 0.162109375 0.7442996798380035 0.162109375 0.5337315975262698 0.12890625 0.4284475563704028 0.1005859375 0.3948151543345009 0.0732421875 0.37434325744308233 0.0419921875 0.37434325744308233
9 0.14453125 0.3845792058887916 0.130859375 0.4284475563704028 0.146484375 0.6390156386821366 0.271484375 0.9958115559325744 0.3408203125 0.9972738342819615 0.3203125 0.5044860305385289 0.3125 0.4576931233581436 0.2890625 0.39627743268388793 0.2587890625 0.3655695873467601 0.2333984375 0.3597204739492119 0.1669921875 0.36849414404553416
9 0.31640625 0.44891945326182137 0.3125 0.7676961334281961 0.33203125 0.8905275147767076 0.3349609375 0.8978389065236427 0.3583984375 0.9036880199211909 0.4443359375 0.8832161230297724 0.44921875 0.870055617885289 0.46875 0.545429824321366 0.466796875 0.4576931233581436 0.4326171875 0.3889660409369527 0.3974609375 0.3772678141418564 0.3525390625 0.3831169275394046 0.3359375 0.40212654608143605
9 0.453125 0.40212654608143605 0.453125 0.7647715767294221 0.4599609375 0.7779320818739054 0.5224609375 0.8013285354640981 0.587890625 0.6126946283931699 0.578125 0.542505267622592 0.52734375 0.3728809790936953 0.5009765625 0.327550350262697 0.478515625 0.32023895851576184 0.4609375 0.36410730899737304
9 0.62890625 0.4255229996716287 0.630859375 0.7852434736208407 0.6337890625 0.7954794220665499 0.6455078125 0.798403978765324 0.7119140625 0.798403978765324 0.7578125 0.49863691714098074 0.75390625 0.4430703398642732 0.7177734375 0.3918905976357268 0.6708984375 0.38019237084063046 0.6513671875 0.3918905976357268
9 0.802734375 0.618543741790718 0.8125 0.9928869992338003 0.9990234375 0.9972738342819615 1 0.44891945326182137 0.9384765625 0.42698527802101577 0.8994140625 0.42698527802101577 0.8623046875 0.4474571749124343 0.830078125 0.5191088140323993
1 0.1572265625 0.6814217108143608 0.150390625 0.6916576592600701 0.150390625 0.7238277829465849 0.162109375 0.7793943602232924 0.1708984375 0.7837811952714536 0.185546875 0.7530733499343257 0.185546875 0.726752339645359 0.1796875 0.7062804427539404
1 0.12109375 0.8144890406085814 0.12109375 0.8291118241024519 0.1455078125 0.8773670096322241 0.1689453125 0.8773670096322241 0.185546875 0.8554328343914186 0.185546875 0.8291118241024519 0.1376953125 0.7750075251751314
1 0.5673828125 0.4971746387915937 0.56640625 0.5161842573336253 0.5732421875 0.5264202057793345 0.59765625 0.5132597006348512 0.5908203125 0.5000991954903677
1 0.5185546875 0.5585903294658494 0.513671875 0.5688262779115587 0.51953125 0.6009964015980735 0.5244140625 0.6083077933450087 0.5400390625 0.6083077933450087 0.546875 0.5951472882005254 0.544921875 0.577599948007881 0.5322265625 0.5527412160683012
1 0.7333984375 0.47670274190017514 0.740234375 0.49863691714098074 0.7470703125 0.5000991954903677 0.748046875 0.48108957694833626
1 0.673828125 0.47816502024956214 0.6787109375 0.5000991954903677 0.7041015625 0.5117974222854641 0.71875 0.5074105872373029 0.716796875 0.49278780374343256 0.7060546875 0.4796272985989492
1 0.908203125 0.7910925870183888 0.91015625 0.8378854941987741 0.9169921875 0.8481214426444834 0.9287109375 0.8451968859457093 0.939453125 0.8261872674036778 0.939453125 0.7735452468257443 0.9189453125 0.7662338550788091