9 0.248046875 0.99609375 0.2666015625 0.984375 0.2783203125 0.9869791666666666 0.3251953125 0.9583333333333334 0.3388671875 0.9348958333333334 0.3505859375 0.9401041666666666 0.357421875 0.9309895833333334 0.353515625 0.9231770833333334 0.359375 0.9075520833333334 0.34375 0.8815104166666666 0.3203125 0.8111979166666666 0.349609375 0.7200520833333334 0.35546875 0.6653645833333334 0.5146484375 0.5989583333333334 0.529296875 0.5716145833333334 0.521484375 0.5559895833333334 0.5185546875 0.5208333333333334 0.3837890625 0.5234375 0.3388671875 0.5338541666666666 0.2998046875 0.4765625 0.2626953125 0.4505208333333333 0.2373046875 0.4192708333333333 0.2099609375 0.4244791666666667 0.1865234375 0.4114583333333333 0.173828125 0.4231770833333333 0.158203125 0.4986979166666667 0.14453125 0.69140625 0.146484375 0.73828125 0.16796875 0.80078125 0.1328125 0.84765625 0.123046875 0.8971354166666666 0.123046875 0.94140625 0.1416015625 0.9973958333333334
7 0.2890625 0.4622395833333333 0.291015625 0.4440104166666667 0.306640625 0.4231770833333333 0.30859375 0.3971354166666667 0.314453125 0.3919270833333333 0.3076171875 0.3541666666666667 0.2587890625 0.3697916666666667 0.236328125 0.4075520833333333 0.2724609375 0.4557291666666667
3 0.265625 0.3684895833333333 0.30859375 0.3502604166666667 0.3076171875 0.296875 0.275390625 0.3033854166666667 0.259765625 0.36328125
3 0.41796875 0.26953125 0.419921875 0.23046875 0.4111328125 0.20572916666666666 0.3837890625 0.20052083333333334 0.369140625 0.21484375 0.36328125 0.24088541666666666 0.3662109375 0.2604166666666667
5 0.34375 0.33203125 0.345703125 0.2513020833333333 0.3525390625 0.2682291666666667 0.361328125 0.2565104166666667 0.3671875 0.21744791666666666 0.3818359375 0.20052083333333334 0.4033203125 0.20052083333333334 0.4189453125 0.2109375 0.423828125 0.22526041666666666 0.42578125 0.20963541666666666 0.4140625 0.16796875 0.3896484375 0.13802083333333334 0.3564453125 0.14583333333333334 0.33203125 0.20442708333333334 0.328125 0.2669270833333333 0.33203125 0.30859375 0.337890625 0.33203125
5 0.22265625 0.41796875 0.234375 0.41015625 0.236328125 0.3971354166666667 0.2578125 0.3684895833333333 0.267578125 0.3216145833333333 0.283203125 0.29296875 0.27734375 0.2903645833333333 0.310546875 0.2669270833333333 0.2734375 0.19661458333333334 0.2509765625 0.17708333333333334 0.224609375 0.18619791666666666 0.20703125 0.22526041666666666 0.193359375 0.2877604166666667 0.189453125 0.3424479166666667 0.1953125 0.3919270833333333
7 0.38671875 0.3606770833333333 0.4140625 0.3190104166666667 0.41796875 0.2747395833333333 0.3623046875 0.2578125 0.353515625 0.2747395833333333 0.361328125 0.33203125
9 0.34765625 0.5299479166666666 0.447265625 0.5143229166666666 0.4453125 0.4205729166666667 0.455078125 0.37890625 0.43359375 0.3528645833333333 0.4189453125 0.3125 0.392578125 0.36328125 0.40234375 0.3893229166666667 0.3974609375 0.4010416666666667 0.3876953125 0.3645833333333333 0.3681640625 0.3723958333333333 0.3427734375 0.34375 0.337890625 0.34765625 0.3408203125 0.4192708333333333 0.326171875 0.3815104166666667 0.31640625 0.37890625 0.314453125 0.4596354166666667 0.326171875 0.51171875 0.3408203125 0.53125
9 0.416015625 0.9205729166666666 0.458984375 0.8971354166666666 0.458984375 0.8606770833333334 0.46875 0.8372395833333334 0.455078125 0.73828125 0.482421875 0.7044270833333334 0.482421875 0.6940104166666666 0.4619140625 0.6302083333333334 0.3623046875 0.6640625 0.3515625 0.7096354166666666 0.3515625 0.72265625 0.373046875 0.7591145833333334 0.3984375 0.8294270833333334 0.396484375 0.88671875 0.40234375 0.9153645833333334
1 0.703125 0.4466145833333333 0.71875 0.4153645833333333 0.716796875 0.4049479166666667 0.6904296875 0.3645833333333333 0.6611328125 0.3359375 0.658203125 0.3450520833333333 0.66796875 0.3658854166666667 0.65234375 0.3815104166666667 0.66015625 0.41796875
1 0.54296875 0.5690104166666666 0.5791015625 0.5546875 0.595703125 0.5377604166666666 0.611328125 0.49609375 0.61328125 0.4674479166666667 0.634765625 0.44921875 0.6337890625 0.4296875 0.6103515625 0.4296875 0.5966796875 0.4583333333333333 0.5693359375 0.4609375 0.521484375 0.5143229166666666 0.533203125 0.55078125 0.53125 0.56640625
8 0.6484375 0.8294270833333334 0.654296875 0.8268229166666666 0.65625 0.7721354166666666 0.6669921875 0.7578125 0.681640625 0.7643229166666666 0.6865234375 0.7864583333333334 0.703125 0.79296875 0.7060546875 0.8151041666666666 0.7236328125 0.8098958333333334 0.728515625 0.7903645833333334 0.73046875 0.7513020833333334 0.6845703125 0.7161458333333334 0.671875 0.6888020833333334 0.66796875 0.6184895833333334 0.6728515625 0.609375 0.6904296875 0.6302083333333334 0.7119140625 0.640625 0.703125 0.6080729166666666 0.705078125 0.5950520833333334 0.7138671875 0.5911458333333334 0.7421875 0.65234375 0.75390625 0.69921875 0.7841796875 0.734375 0.794921875 0.7356770833333334 0.80859375 0.64453125 0.806640625 0.5611979166666666 0.81640625 0.53515625 0.787109375 0.4752604166666667 0.78125 0.3919270833333333 0.7890625 0.36328125 0.7734375 0.3450520833333333 0.7705078125 0.3072916666666667 0.765625 0.3111979166666667 0.765625 0.3528645833333333 0.7548828125 0.3697916666666667 0.7392578125 0.3776041666666667 0.69921875 0.37109375 0.71875 0.4075520833333333 0.7021484375 0.4479166666666667 0.6767578125 0.4270833333333333 0.6533203125 0.4244791666666667 0.640625 0.44921875 0.6328125 0.4986979166666667 0.6328125 0.5559895833333334 0.638671875 0.5924479166666666 0.658203125 0.61328125 0.640625 0.82421875
8 0.986328125 0.9986979166666666 0.984375 0.9075520833333334 1 0.7200520833333334 0.99609375 0.6184895833333334 0.98046875 0.5638020833333334 0.951171875 0.5091145833333334 0.9404296875 0.4973958333333333 0.9287109375 0.515625 0.9013671875 0.4895833333333333 0.8720703125 0.5130208333333334 0.83203125 0.5794270833333334 0.80859375 0.6809895833333334 0.802734375 0.74609375 0.8447265625 0.7760416666666666 0.8662109375 0.7708333333333334 0.9169921875 0.7864583333333334 0.9140625 0.8372395833333334 0.900390625 0.8736979166666666 0.8818359375 0.8932291666666666 0.8310546875 0.8671875 0.8037109375 0.8411458333333334 0.796875 0.84765625 0.794921875 0.8997395833333334 0.818359375 0.91015625 0.814453125 0.98046875 0.8037109375 0.9817708333333334 0.802734375 0.9908854166666666 0.8173828125 1
4 0.908203125 0.42578125 0.916015625 0.4205729166666667 0.93359375 0.36328125 0.93359375 0.32421875 0.919921875 0.26953125 0.9072265625 0.25 0.8876953125 0.23958333333333334 0.8427734375 0.234375 0.8173828125 0.2526041666666667 0.806640625 0.2799479166666667 0.8193359375 0.2734375 0.826171875 0.2799479166666667 0.81640625 0.3372395833333333 0.828125 0.3684895833333333 0.8349609375 0.3723958333333333 0.8486328125 0.359375 0.8623046875 0.359375 0.880859375 0.4153645833333333
7 0.814453125 0.6236979166666666 0.828125 0.56640625 0.8837890625 0.4765625 0.9052734375 0.4895833333333333 0.9228515625 0.5130208333333334 0.9296875 0.5091145833333334 0.931640625 0.4908854166666667 0.912109375 0.45703125 0.916015625 0.4309895833333333 0.9296875 0.4075520833333333 0.9267578125 0.3958333333333333 0.9130859375 0.4244791666666667 0.8994140625 0.4270833333333333 0.8505859375 0.4166666666666667 0.78515625 0.38671875 0.78125 0.41015625 0.791015625 0.4674479166666667 0.818359375 0.52734375 0.806640625 0.58984375 0.806640625 0.6106770833333334
7 0.73828125 0.3763020833333333 0.76171875 0.35546875 0.7646484375 0.2994791666666667 0.7509765625 0.3072916666666667 0.7197265625 0.296875 0.69921875 0.3111979166666667 0.69921875 0.3450520833333333 0.705078125 0.3580729166666667 0.7158203125 0.3723958333333333
4 0.779296875 0.26953125 0.783203125 0.2565104166666667 0.77734375 0.22265625 0.7509765625 0.1875 0.7294921875 0.18489583333333334 0.705078125 0.21484375 0.7021484375 0.2421875 0.7314453125 0.23697916666666666