9 0.3828125 0.2973833476027397 0.435546875 0.2765143407534247 0.435546875 0.001739083904109589 0.2607421875 0 0.27734375 0.043477097602739725 0.2734375 0.1408657962328767 0.287109375 0.15130029965753425 0.283203125 0.1756474743150685 0.2734375 0.1895601455479452 0.2734375 0.2069509845890411 0.294921875 0.2382544948630137 0.296875 0.2765143407534247 0.3037109375 0.2886879280821918 0.3212890625 0.2956442636986301 0.326171875 0.24868899828767124 0.3525390625 0.2399935787671233 0.373046875 0.2591235017123288 0.373046875 0.2973833476027397
9 0.158203125 0.1617348030821918 0.1806640625 0.13217037671232876 0.2431640625 0.0939105308219178 0.2724609375 0.1113013698630137 0.2734375 0.03304259417808219 0.2509765625 0 0.1689453125 0 0.158203125 0.022608090753424657 0.146484375 0.0782587756849315 0.14453125 0.13738762842465754 0.146484375 0.15130029965753425
9 0.935546875 0.9964950770547946 0.94140625 0.9756260702054794 0.951171875 0.8017176797945206 0.9541015625 0.8104130993150684 0.95703125 0.8051958476027398 0.962890625 0.7773705051369864 0.962890625 0.6799818065068494 0.982421875 0.6208529537671232 0.984375 0.5512895976027398 0.974609375 0.4956389126712329 0.974609375 0.4225973886986301 0.96484375 0.3878157106164384 0.9248046875 0.3234696061643836 0.9072265625 0.3165132705479452 0.8779296875 0.3304259417808219 0.8369140625 0.3686857876712329 0.796875 0.4504227311643836 0.779296875 0.5025952482876712 0.779296875 0.5199860873287672 0.7587890625 0.5356378424657534 0.7314453125 0.5356378424657534 0.728515625 0.5617241010273972 0.734375 0.5930276113013698 0.7607421875 0.6295483732876712 0.7822265625 0.643461044520548 0.814453125 0.6312874571917808 0.8203125 0.7495451626712328 0.830078125 0.7565014982876712 0.822265625 0.7634578339041096 0.841796875 0.7843268407534246 0.84375 0.8225866866438356 0.828125 0.8399775256849316 0.8291015625 0.8625856164383562 0.8466796875 0.8556292808219178 0.8525390625 0.8625856164383562 0.912109375 0.8643247003424658 0.8115234375 0.8695419520547946 0.806640625 0.888671875 0.806640625 0.9617133989726028 0.8125 0.9895387414383562 0.8212890625 0.9982341609589042
5 0.857421875 0.3460776969178082 0.87109375 0.3356431934931507 0.861328125 0.3321650256849315 0.8681640625 0.3234696061643836 0.8876953125 0.3165132705479452 0.8935546875 0.3234696061643836 0.916015625 0.3078178510273973 0.908203125 0.22781999143835616 0.8984375 0.1930383133561644 0.8642578125 0.14956121575342465 0.8359375 0.1895601455479452 0.822265625 0.2660798373287671 0.822265625 0.283470676369863 0.830078125 0.2904270119863014 0.8310546875 0.3026005993150685 0.833984375 0.2904270119863014 0.83984375 0.3286868578767123 0.8583984375 0.3304259417808219 0.849609375 0.342599529109589
7 0.240234375 0.2904270119863014 0.2578125 0.2695580051369863 0.26953125 0.224341823630137 0.265625 0.17912564212328766 0.2470703125 0.156517551369863 0.2138671875 0.16695205479452055 0.19921875 0.21738548801369864 0.20703125 0.2695580051369863 0.2216796875 0.292166095890411
5 0.259765625 0.6660691352739726 0.263671875 0.6625909674657534 0.265625 0.6278092893835616 0.2578125 0.6173747859589042 0.263671875 0.6104184503424658 0.2578125 0.5999839469178082 0.263671875 0.5721586044520548 0.255859375 0.5652022688356164 0.263671875 0.554767765410959 0.263671875 0.5443332619863014 0.2578125 0.5408550941780822 0.2568359375 0.5252033390410958 0.251953125 0.5304205907534246 0.25390625 0.5408550941780822 0.24609375 0.5478114297945206 0.2490234375 0.5634631849315068 0.25390625 0.558245933219178 0.248046875 0.5825931078767124 0.25390625 0.5930276113013698 0.255859375 0.6173747859589042 0.25390625 0.6660691352739726
5 0.158203125 0.1617348030821918 0.1708984375 0.1599957191780822 0.171875 0.1443439640410959 0.1806640625 0.13217037671232876 0.1943359375 0.1391267123287671 0.2060546875 0.11825770547945205 0.2392578125 0.09738869863013698 0.2548828125 0.09738869863013698 0.2705078125 0.11477953767123288 0.275390625 0.0782587756849315 0.2734375 0.03304259417808219 0.2529296875 0 0.1689453125 0 0.15625 0.029564426369863013 0.1484375 0.07130244006849315 0.146484375 0.13738762842465754 0.1484375 0.15130029965753425
1 0.283203125 0.3182523544520548 0.29296875 0.3043396832191781 0.294921875 0.24868899828767124 0.2841796875 0.2260809075342466 0.2724609375 0.2191245719178082 0.2578125 0.2799925085616438 0.2763671875 0.3199914383561644
1 0.2734375 0.4504227311643836 0.291015625 0.4225973886986301 0.294921875 0.4052065496575342 0.279296875 0.380859375 0.271484375 0.3460776969178082 0.2568359375 0.3165132705479452 0.2412109375 0.3026005993150685 0.2255859375 0.3026005993150685 0.21875 0.3182523544520548 0.22265625 0.3773812071917808
1 0.390625 0.753023330479452 0.4345703125 0.7512842465753424 0.4375 0.7425888270547946 0.43359375 0.5060734160958904 0.4375 0.4921607448630137 0.4375 0.2904270119863014 0.4208984375 0.2852097602739726 0.3603515625 0.3095569349315068 0.3349609375 0.3095569349315068 0.2939453125 0.2886879280821918 0.29296875 0.3043396832191781 0.27734375 0.321730522260274 0.2939453125 0.3547731164383562 0.3310546875 0.3652076198630137 0.3330078125 0.3721639554794521 0.3369140625 0.3617294520547945 0.3564453125 0.3617294520547945 0.39453125 0.4017283818493151 0.3779296875 0.5043343321917808 0.3603515625 0.5008561643835616 0.3583984375 0.4904216609589041 0.3310546875 0.4730308219178082 0.3193359375 0.448683647260274 0.3095703125 0.4556399828767123 0.310546875 0.4365100599315068 0.2958984375 0.4173801369863014 0.27734375 0.4539008989726027 0.3330078125 0.5530286815068494 0.36328125 0.5895494434931506 0.359375 0.6173747859589042 0.349609375 0.6382437928082192 0.33203125 0.7495451626712328
8 0.373046875 0.753023330479452 0.435546875 0.7495451626712328 0.4375 0.6243311215753424 0.4326171875 0.6086793664383562 0.3837890625 0.6191138698630136 0.36328125 0.5999839469178082 0.349609375 0.6382437928082192 0.349609375 0.6625909674657534 0.33203125 0.7460669948630136 0.3388671875 0.7547624143835616
8 0.4140625 0.5234642551369864 0.4306640625 0.5043343321917808 0.4375 0.4852044092465753 0.4345703125 0.2852097602739726 0.3623046875 0.3060787671232877 0.357421875 0.3147741866438356 0.357421875 0.3460776969178082 0.365234375 0.3739030393835616 0.39453125 0.4017283818493151 0.37890625 0.5025952482876712 0.3974609375 0.5217251712328768