9 0.685546875 0.995845471398305 0.734375 0.8429058527542372 0.72265625 0.679538532838983 0.7109375 0.6100205243644068 0.7109375 0.4987917108050847 0.685546875 0.4223219014830508 0.6669921875 0.3893008474576271 0.6259765625 0.3302105402542373 0.5849609375 0.3128310381355932 0.5439453125 0.3684454449152542 0.521484375 0.418846001059322 0.517578125 0.4709845074152542 0.52734375 0.5370266154661016 0.515625 0.5752615201271186 0.5029296875 0.5839512711864406 0.4892578125 0.559619968220339 0.4697265625 0.559619968220339 0.451171875 0.6030687235169492 0.453125 0.623924126059322 0.4716796875 0.6604210805084746 0.4951171875 0.6812764830508474 0.50390625 0.6691108315677966 0.4990234375 0.7542703919491526 0.5263671875 0.7160354872881356 0.552734375 0.7629601430084746 0.546875 0.7872914459745762 0.52734375 0.8185745497881356 0.53515625 0.8602853548728814 0.5078125 0.9715141684322034 0.5107421875 0.9941075211864406
1 0.453125 0.5961169226694916 0.46875 0.5613579184322034 0.455078125 0.5370266154661016 0.453125 0.4883640095338983 0.4248046875 0.4588188559322034 0.4072265625 0.4553429555084746 0.400390625 0.4709845074152542 0.40234375 0.4987917108050847 0.419921875 0.5196471133474576 0.431640625 0.568309719279661
1 0.494140625 0.8429058527542372 0.5439453125 0.7925052966101694 0.552734375 0.7699119438559322 0.5263671875 0.7195113877118644 0.5126953125 0.7334149894067796 0.513671875 0.7455806408898306 0.5029296875 0.7612221927966102 0.4736328125 0.7786016949152542 0.455078125 0.8185745497881356 0.4619140625 0.8446438029661016
5 0.478515625 0.3180448887711864 0.5126953125 0.2954515360169492 0.5771484375 0.3024033368644068 0.587890625 0.2589545815677966 0.5634765625 0.21202992584745764 0.5224609375 0.2016022245762712 0.49609375 0.23809917902542374 0.49609375 0.2624304819915254 0.474609375 0.2902376853813559 0.470703125 0.3110930879237288
4 0.283203125 0.585689221398305 0.30078125 0.5648338188559322 0.30078125 0.5057435116525424 0.318359375 0.4953158103813559 0.31640625 0.4640327065677966 0.32421875 0.4466532044491525 0.326171875 0.3910387976694915 0.3154296875 0.3753972457627119 0.2666015625 0.3823490466101695 0.24609375 0.418846001059322 0.23046875 0.4779363082627119 0.228515625 0.5196471133474576 0.23828125 0.5474543167372882
3 0.353515625 0.4640327065677966 0.357421875 0.4431773040254237 0.3525390625 0.4344875529661017 0.3369140625 0.4240598516949153 0.328125 0.4397014036016949 0.3349609375 0.4622947563559322
6 0.326171875 0.644779528601695 0.34375 0.5648338188559322 0.369140625 0.5405025158898306 0.369140625 0.5092194120762712 0.3544921875 0.4796742584745763 0.3427734375 0.4796742584745763 0.3388671875 0.4692465572033898 0.3349609375 0.4831501588983051 0.3193359375 0.4727224576271186 0.318359375 0.4987917108050847 0.30078125 0.5092194120762712 0.30078125 0.5648338188559322 0.283203125 0.5891651218220338
9 0.26171875 0.995845471398305 0.248046875 0.8081468485169492 0.2333984375 0.7577462923728814 0.22265625 0.8011950476694916 0.228515625 0.978465969279661 0.2333984375 0.9975834216101694
8 0.31640625 0.995845471398305 0.33203125 0.9124238612288136 0.328125 0.8880925582627118 0.333984375 0.8950443591101694 0.345703125 0.8463817531779662 0.34375 0.7247252383474576 0.333984375 0.6725867319915254 0.31640625 0.6378277277542372 0.2900390625 0.597854872881356 0.2744140625 0.5943789724576272 0.25 0.644779528601695 0.23828125 0.6934421345338984 0.267578125 0.7525324417372882 0.28125 0.9089479608050848 0.296875 0.961086467161017 0.296875 0.9888936705508474 0.2998046875 0.9975834216101694
0 0.357421875 0.9298033633474576 0.423828125 0.8637612552966102 0.4296875 0.8463817531779662 0.421875 0.8150986493644068 0.4267578125 0.782077595338983 0.3818359375 0.7855534957627118 0.3671875 0.7977191472457628 0.38671875 0.8394299523305084 0.357421875 0.867237155720339 0.34765625 0.9124238612288136 0.34765625 0.9298033633474576
0 0.685546875 0.995845471398305 0.734375 0.8463817531779662 0.732421875 0.7699119438559322 0.7109375 0.6134964247881356 0.7109375 0.5022676112288136 0.685546875 0.4223219014830508 0.6689453125 0.3927767478813559 0.6220703125 0.3267346398305085 0.5869140625 0.3128310381355932 0.580078125 0.3006653866525424 0.587890625 0.2589545815677966 0.5751953125 0.22245762711864406 0.5615234375 0.2085540254237288 0.5205078125 0.2016022245762712 0.494140625 0.23809917902542374 0.474609375 0.2971894862288136 0.474609375 0.5126953125 0.4833984375 0.542240466101695 0.521484375 0.5544061175847458 0.5107421875 0.5839512711864406 0.4931640625 0.5630958686440678 0.4375 0.5578820180084746 0.4443359375 0.5804753707627118 0.4482421875 0.5735235699152542 0.453125 0.5822133209745762 0.451171875 0.6100205243644068 0.4609375 0.6482554290254238 0.50390625 0.6899662341101694 0.498046875 0.7699119438559322 0.4755859375 0.7855534957627118 0.4609375 0.8255263506355932 0.4658203125 0.837692002118644 0.4697265625 0.8307402012711864 0.4892578125 0.8411679025423728 0.5166015625 0.8168365995762712 0.52734375 0.8185745497881356 0.53515625 0.8602853548728814 0.5078125 0.9715141684322034 0.5126953125 0.9975834216101694 0.685546875 0.995845471398305