8 0.841796875 0.908608150921659 0.8515625 0.8816064228110599 0.8515625 0.8087017569124424 0.833984375 0.7303967453917051 0.849609375 0.6682927707373272 0.85546875 0.5872875864055299 0.845703125 0.498181883640553 0.8271484375 0.4428283410138249 0.7568359375 0.45902937788018433 0.7490234375 0.4455285138248848 0.7392578125 0.4455285138248848 0.724609375 0.4630796370967742 0.689453125 0.5521853398617511 0.68359375 0.6898941532258065 0.6953125 0.7952008928571429 0.7041015625 0.818152361751152 0.7119140625 0.8154521889400922 0.767578125 0.7411974366359447 0.775390625 0.7222962269585254 0.7724609375 0.672343029953917 0.8291015625 0.6804435483870968 0.833984375 0.6898941532258065 0.826171875 0.7519981278801844 0.8125 0.7817000288018433 0.7861328125 0.8154521889400922 0.724609375 0.8681055587557603 0.7509765625 0.8964573732718893 0.7802734375 0.8748559907834101 0.7880859375 0.907258064516129
9 0.62890625 0.7627988191244239 0.642578125 0.7546983006912442 0.6533203125 0.7020449308755761 0.6591796875 0.731746831797235 0.6728515625 0.7290466589861752 0.681640625 0.7141957085253456 0.6875 0.5494851670506913 0.72265625 0.45767929147465436 0.748046875 0.4333777361751152 0.74609375 0.34427203341013823 0.76171875 0.31727030529953915 0.7529296875 0.32132056451612906 0.751953125 0.3118699596774194 0.76953125 0.30376944124423966 0.779296875 0.263266849078341 0.7685546875 0.2430155529953917 0.7626953125 0.29431883640552997 0.7314453125 0.3024193548387097 0.7177734375 0.32402073732718895 0.7021484375 0.32672091013824883 0.6923828125 0.32402073732718895 0.68359375 0.30646961405529954 0.68359375 0.2902685771889401 0.6982421875 0.26461693548387094 0.6748046875 0.2673171082949309 0.6240234375 0.23221486175115208 0.5908203125 0.24571572580645162 0.58203125 0.263266849078341 0.578125 0.3577728974654378 0.583984375 0.3712737615207373 0.5859375 0.4279773905529954 0.548828125 0.7141957085253456 0.5576171875 0.7371471774193549 0.5908203125 0.7398473502304147 0.6201171875 0.764148905529954
9 0.294921875 0.8735059043778802 0.310546875 0.8654053859447005 0.3125 0.8465041762672811 0.2998046875 0.8235527073732719 0.28125 0.8141021025345622 0.28125 0.7708993375576036 0.2861328125 0.7587485599078341 0.3193359375 0.7533482142857143 0.33984375 0.7168958813364056 0.36328125 0.5818872407834101 0.359375 0.4873811923963134 0.33984375 0.3712737615207373 0.4248046875 0.3051195276497696 0.4501953125 0.29431883640552997 0.4580078125 0.26461693548387094 0.4873046875 0.25921658986175117 0.5029296875 0.23761520737327188 0.5283203125 0.23221486175115208 0.5390625 0.20926339285714285 0.533203125 0.16336045506912442 0.52734375 0.16876080069124424 0.5302734375 0.15931019585253456 0.4580078125 0.19171226958525345 0.4443359375 0.18631192396313365 0.4150390625 0.19441244239631336 0.3876953125 0.21601382488479262 0.3623046875 0.21061347926267282 0.3525390625 0.22141417050691245 0.2841796875 0.2133136520737327 0.2822265625 0.205213133640553 0.2177734375 0.2079133064516129 0.1982421875 0.19711261520737328 0.169921875 0.2551663306451613 0.16015625 0.3010692684331797 0.154296875 0.4009756624423963 0.154296875 0.5224834389400922 0.16796875 0.6331905241935484 0.21484375 0.7573984735023042 0.2490234375 0.8100518433179723 0.26953125 0.8222026209677419 0.28125 0.8735059043778802
5 0.650390625 0.14175907258064516 0.6669921875 0.12150777649769585 0.708984375 0.11475734447004608 0.6904296875 0.08370535714285714 0.6787109375 0.08370535714285714 0.65625 0.10935699884792627 0.64453125 0.14175907258064516
5 0.2734375 0.20656322004608296 0.3017578125 0.16201036866359447 0.326171875 0.13905889976958524 0.3134765625 0.08640552995391705 0.271484375 0.07965509792626728 0.28515625 0.04725302419354839 0.2607421875 0.029701900921658985 0.244140625 0.04725302419354839 0.244140625 0.05805371543778802 0.21484375 0.10395665322580645 0.201171875 0.15796010944700462 0.201171875 0.1876620103686636 0.2158203125 0.19711261520737328 0.2314453125 0.19441244239631336 0.2353515625 0.20251296082949308
4 0.84765625 0.45767929147465436 0.8798828125 0.43202764976958524 0.908203125 0.38747479838709675 0.90234375 0.31727030529953915 0.8701171875 0.2835181451612903 0.8623046875 0.2835181451612903 0.8564453125 0.3024193548387097 0.837890625 0.2902685771889401 0.8359375 0.30646961405529954 0.84375 0.322670650921659 0.81640625 0.3604730702764977 0.84375 0.3955753168202765 0.822265625 0.4360779089861751 0.8369140625 0.45902937788018433
1 0.8359375 0.3010692684331797 0.8388671875 0.28891849078341014 0.8544921875 0.29971918202764974 0.857421875 0.27946788594470046 0.8017578125 0.24571572580645162 0.787109375 0.25246615783410137 0.7734375 0.29296875 0.7802734375 0.29971918202764974 0.8193359375 0.28891849078341014
1 0.615234375 0.20926339285714285 0.625 0.1903621831797235 0.6044921875 0.15661002304147464 0.5771484375 0.14850950460829493 0.541015625 0.17416114631336405 0.5458984375 0.20251296082949308 0.5908203125 0.19711261520737328 0.5966796875 0.2079133064516129
1 0.703125 0.3253708237327189 0.7177734375 0.32402073732718895 0.7314453125 0.29971918202764974 0.7490234375 0.29431883640552997 0.76171875 0.27676771313364057 0.763671875 0.2578665034562212 0.7412109375 0.23761520737327188 0.7138671875 0.2484158986175115 0.685546875 0.28756840437788017 0.6875 0.31457013248847926
3 0.82421875 0.3469722062211982 0.841796875 0.3199704781105991 0.8212890625 0.29161866359447003 0.8056640625 0.28891849078341014 0.7734375 0.30646961405529954 0.7783203125 0.32672091013824883 0.7939453125 0.32402073732718895
6 0.794921875 0.41177635368663595 0.798828125 0.38477462557603687 0.810546875 0.3631732430875576 0.8056640625 0.3483222926267281 0.7900390625 0.3429219470046083 0.7724609375 0.3132200460829493 0.748046875 0.34427203341013823 0.748046875 0.3658734158986175 0.7763671875 0.410426267281106
7 0.3203125 0.21466373847926268 0.333984375 0.20386304723502305 0.3251953125 0.15120967741935484 0.3037109375 0.1647105414746544 0.2890625 0.1903621831797235 0.2978515625 0.21061347926267282
7 0.703125 0.23896529377880185 0.716796875 0.23356494815668202 0.720703125 0.17416114631336405 0.6982421875 0.16741071428571427 0.6728515625 0.1728110599078341 0.669921875 0.23356494815668202