7 0.478515625 0.41455078125 0.501953125 0.38232421875 0.513671875 0.33544921875 0.513671875 0.32373046875 0.4951171875 0.2958984375 0.4716796875 0.33984375 0.4287109375 0.333984375 0.4130859375 0.3134765625 0.40625 0.31494140625 0.3984375 0.33837890625 0.4208984375 0.3779296875 0.4560546875 0.41015625
7 0.763671875 0.42333984375 0.767578125 0.41455078125 0.75 0.39990234375 0.748046875 0.38232421875 0.759765625 0.35595703125 0.75390625 0.33544921875 0.765625 0.28271484375 0.7412109375 0.333984375 0.734375 0.32666015625 0.728515625 0.29150390625 0.7294921875 0.2578125 0.7236328125 0.275390625 0.6884765625 0.2958984375 0.685546875 0.31787109375 0.7197265625 0.4013671875
9 0.501953125 0.99755859375 0.5078125 0.98876953125 0.4736328125 0.9375 0.3701171875 0.8876953125 0.34375 0.83642578125 0.3125 0.79833984375 0.306640625 0.76318359375 0.3134765625 0.7587890625 0.3662109375 0.78515625 0.4072265625 0.814453125 0.4248046875 0.8173828125 0.4306640625 0.7998046875 0.4560546875 0.7939453125 0.4912109375 0.7998046875 0.537109375 0.85400390625 0.53515625 0.87158203125 0.5400390625 0.8701171875 0.5439453125 0.884765625 0.5576171875 0.890625 0.5625 0.87451171875 0.556640625 0.81884765625 0.5625 0.66064453125 0.5546875 0.59619140625 0.54296875 0.55810546875 0.54296875 0.50244140625 0.5146484375 0.4453125 0.4775390625 0.4189453125 0.46875 0.42333984375 0.46484375 0.45849609375 0.4443359375 0.46875 0.4189453125 0.4541015625 0.3798828125 0.404296875 0.3623046875 0.404296875 0.2802734375 0.46875 0.248046875 0.52001953125 0.23828125 0.55810546875 0.23828125 0.69580078125 0.224609375 0.73974609375 0.212890625 0.82470703125 0.2421875 0.90087890625 0.265625 0.93017578125 0.2685546875 0.9990234375
1 0.5703125 0.85693359375 0.5849609375 0.8525390625 0.5986328125 0.814453125 0.6064453125 0.814453125 0.6162109375 0.8408203125 0.6259765625 0.814453125 0.6513671875 0.8173828125 0.66796875 0.72802734375 0.6162109375 0.71484375 0.564453125 0.82763671875 0.564453125 0.85400390625
1 0.521484375 0.87158203125 0.537109375 0.85400390625 0.5263671875 0.849609375 0.5185546875 0.826171875 0.4912109375 0.7998046875 0.4501953125 0.7939453125 0.4326171875 0.7998046875 0.42578125 0.81298828125 0.4384765625 0.8349609375 0.5068359375 0.873046875
5 0.798828125 0.28271484375 0.8701171875 0.2666015625 0.8994140625 0.251953125 0.9140625 0.22998046875 0.919921875 0.11572265625 0.912109375 0.06005859375 0.8798828125 0.0029296875 0.7138671875 0 0.6845703125 0.0322265625 0.650390625 0.09521484375 0.654296875 0.14208984375 0.7197265625 0.2490234375 0.7568359375 0.28125
5 0.384765625 0.37353515625 0.40625 0.31494140625 0.3603515625 0.26953125 0.34765625 0.29443359375 0.349609375 0.35009765625 0.3662109375 0.375
5 0.40625 0.25927734375 0.4443359375 0.205078125 0.4658203125 0.193359375 0.4873046875 0.1962890625 0.4951171875 0.2138671875 0.5029296875 0.2138671875 0.501953125 0.17138671875 0.4853515625 0.1435546875 0.4560546875 0.123046875 0.4150390625 0.123046875 0.3916015625 0.1376953125 0.365234375 0.17138671875 0.3515625 0.20947265625 0.3623046875 0.2373046875 0.3955078125 0.2607421875
2 0.4140625 0.30615234375 0.4169921875 0.2958984375 0.4873046875 0.2666015625 0.5107421875 0.26953125 0.5224609375 0.2841796875 0.521484375 0.22412109375 0.5126953125 0.2138671875 0.4873046875 0.216796875 0.4228515625 0.2431640625 0.40234375 0.26513671875
2 0.681640625 0.30322265625 0.6875 0.29443359375 0.68359375 0.28271484375 0.6953125 0.26220703125 0.693359375 0.24462890625 0.708984375 0.22412109375 0.6806640625 0.1787109375 0.6552734375 0.1728515625 0.642578125 0.19189453125 0.671875 0.29150390625
9 0.6463326071169209 1 0.6953522149600581 0.6467864923747277 0.7734204793028323 0.4629629629629629 0.9041394335511985 0.3826252723311546 0.9722222222222222 0.41802832244008703 0.9976397966594047 0.49564270152505435 0.9985769789397103 0.9967826797385902