9 0.462890625 0.8544921875 0.4873046875 0.845703125 0.5302734375 0.853515625 0.5546875 0.8427734375 0.58203125 0.6103515625 0.58203125 0.5224609375 0.564453125 0.4404296875 0.5849609375 0.3671875 0.6484375 0.5146484375 0.6953125 0.4990234375 0.68359375 0.4423828125 0.62109375 0.2841796875 0.5830078125 0.2421875 0.5283203125 0.22265625 0.4931640625 0.240234375 0.4736328125 0.23828125 0.48046875 0.2314453125 0.4716796875 0.228515625 0.4130859375 0.234375 0.373046875 0.2646484375 0.3046875 0.4482421875 0.306640625 0.5009765625 0.3427734375 0.5 0.38671875 0.3837890625 0.396484375 0.3798828125 0.4140625 0.4462890625 0.396484375 0.5166015625 0.404296875 0.7314453125 0.421875 0.8408203125 0.4287109375 0.8515625
7 0.501953125 0.2216796875 0.517578125 0.2001953125 0.51953125 0.1650390625 0.4521484375 0.166015625 0.458984375 0.2080078125
5 0.51171875 0.2314453125 0.529296875 0.2197265625 0.533203125 0.1357421875 0.5087890625 0.10546875 0.4775390625 0.1015625 0.4599609375 0.109375 0.439453125 0.1396484375 0.4453125 0.2177734375 0.46875 0.2216796875 0.451171875 0.1806640625 0.455078125 0.1455078125 0.4755859375 0.12890625 0.4931640625 0.12890625 0.51953125 0.1572265625 0.51953125 0.1943359375 0.5 0.2314453125
5 0.494140625 0.2333984375 0.4970703125 0.22265625 0.48046875 0.2216796875
5 0.458984375 0.1650390625 0.51953125 0.1591796875 0.5048828125 0.134765625 0.4755859375 0.12890625 0.455078125 0.1474609375 0.451171875 0.1650390625
3 0.673828125 0.5341796875 0.6865234375 0.5078125 0.650390625 0.5205078125 0.6552734375 0.53125
3 0.32421875 0.5380859375 0.34375 0.5322265625 0.3427734375 0.501953125 0.306640625 0.5068359375 0.306640625 0.5263671875
0 0.673828125 0.5341796875 0.6865234375 0.5078125 0.650390625 0.5205078125 0.6552734375 0.53125
0 0.32421875 0.5380859375 0.341796875 0.5361328125 0.3427734375 0.501953125 0.3046875 0.5087890625 0.306640625 0.5263671875
2 0.4921875 0.2353515625 0.5 0.2236328125 0.4814453125 0.220703125
2 0.458984375 0.1650390625 0.51953125 0.1591796875 0.5048828125 0.134765625 0.4755859375 0.12890625 0.455078125 0.1474609375 0.451171875 0.1650390625
3 0.4921875 0.2353515625 0.5 0.2236328125 0.4814453125 0.220703125
3 0.458984375 0.1650390625 0.51953125 0.1591796875 0.5048828125 0.134765625 0.4755859375 0.12890625 0.455078125 0.1474609375 0.451171875 0.1650390625