9 0.2109375 0.809342788776178 0.224609375 0.7991783581479057 0.21484375 0.5374442694698953 0.2197265625 0.5234681773560209 0.2529296875 0.5209270696989529 0.267578125 0.4815399010143979 0.25390625 0.3366967645615183 0.236328125 0.2579224271924084 0.2197265625 0.22107636616492146 0.1533203125 0.20074750490837695 0.1005859375 0.20837082787958114 0.0634765625 0.2261585814790576 0.044921875 0.24775799656413613 0.013671875 0.39006002535994766 0.013671875 0.4561288244437173 0.025390625 0.5044098699280105 0.0478515625 0.5107626390706806 0.0625 0.49424543929973824 0.068359375 0.7000751595222513 0.05859375 0.7940961428337696 0.0693359375 0.8106133426047121 0.1005859375 0.8106133426047121 0.115234375 0.7991783581479057 0.12109375 0.7026162671793194 0.1328125 0.6340063604384817 0.1435546875 0.6251124836387435 0.154296875 0.6644996523232984 0.16015625 0.7966372504908377 0.1767578125 0.808072234947644
9 0.423828125 0.9872203247709425 0.451171875 0.969432571171466 0.474609375 0.7940961428337696 0.4970703125 0.6937223903795812 0.505859375 0.7076984824934555 0.51171875 0.7661439586060209 0.51953125 0.9541859252290575 0.5380859375 0.9656209096858639 0.5400390625 0.9478331560863874 0.5595703125 0.9427509407722513 0.5673828125 0.9605386943717278 0.5703125 0.9363981716295812 0.5771484375 0.9402098331151832 0.58203125 0.926233741001309 0.5791015625 0.9173398642015707 0.578125 0.9313159563154451 0.572265625 0.928774848658377 0.587890625 0.6517941140379581 0.580078125 0.5603142383835078 0.5908203125 0.5590436845549738 0.599609375 0.5399853771269634 0.61328125 0.36719005644633507 0.599609375 0.29603904204842935 0.58203125 0.2553813195353403 0.5244140625 0.20074750490837695 0.4951171875 0.19312418193717276 0.4619140625 0.20074750490837695 0.4111328125 0.23378190445026178 0.376953125 0.2909568267342932 0.3671875 0.3316145492473822 0.37890625 0.5476087000981675 0.404296875 0.5603142383835078 0.412109375 0.8398360806609948 0.39453125 0.9668914635143979 0.4033203125 0.9834086632853403
9 0.75390625 0.9236926333442408 0.76953125 0.9160693103730366 0.77734375 0.8627060495746073 0.7734375 0.8017194658049738 0.7861328125 0.647982452552356 0.794921875 0.64925300638089 0.798828125 0.6721229752945026 0.798828125 0.8728704802028796 0.806640625 0.9135282027159686 0.865234375 0.9135282027159686 0.873046875 0.8804938031740838 0.8671875 0.7763083892342932 0.876953125 0.6594174370091623 0.865234375 0.6390885757526178 0.86328125 0.6111363915248691 0.8759765625 0.5717492228403142 0.9052734375 0.5819136534685864 0.912109375 0.5755608843259162 0.921875 0.5018687622709425 0.921875 0.39006002535994766 0.900390625 0.28079239610602097 0.8486328125 0.23378190445026178 0.8232421875 0.23632301210732984 0.8115234375 0.22107636616492146 0.7802734375 0.23378190445026178 0.7607421875 0.22869968913612565 0.7548828125 0.24394633507853403 0.705078125 0.2757101807918848 0.681640625 0.3366967645615183 0.666015625 0.41547110193062825 0.666015625 0.527279838841623 0.6806640625 0.5717492228403142 0.7109375 0.5704786690117801 0.71875 0.6111363915248691 0.71484375 0.646711898723822 0.701171875 0.6543352216950262 0.69921875 0.8220483270615183 0.712890625 0.9211515256871727 0.7177734375 0.9249631871727748 0.7333984375 0.9046343259162304 0.7373046875 0.9249631871727748
5 0.4765625 0.19947695107984292 0.482421875 0.19439473576570682 0.4775390625 0.0686099067408377 0.458984375 0.0851271065117801 0.451171875 0.11816150605366492 0.455078125 0.19693584342277487
5 0.52734375 0.19947695107984292 0.517578125 0.10291486011125654 0.5048828125 0.07877433736910995 0.4853515625 0.0686099067408377 0.4921875 0.19439473576570682
5 0.111328125 0.2071002740510471 0.125 0.202018058736911 0.11328125 0.14357258262434555 0.1337890625 0.12197316753926701 0.15625 0.1461136902814136 0.146484375 0.19947695107984292 0.185546875 0.20455916639397906 0.16796875 0.09783264479712042 0.1416015625 0.06352769142670157 0.1259765625 0.0686099067408377 0.109375 0.09783264479712042 0.099609375 0.20455916639397906
5 0.783203125 0.24013467359293195 0.7890625 0.21218248936518325 0.779296875 0.16136033622382198 0.7998046875 0.1295964905104712 0.8173828125 0.13213759816753926 0.828125 0.15119590559554974 0.828125 0.19439473576570682 0.814453125 0.21726470467931938 0.814453125 0.23759356593586387 0.84765625 0.22997024296465968 0.83984375 0.12324372136780105 0.8291015625 0.09910319862565445 0.8076171875 0.08385655268324607 0.7802734375 0.09402098331151833 0.763671875 0.13086704433900523 0.755859375 0.22742913530759162
7 0.8125 0.21726470467931938 0.828125 0.19185362810863874 0.826171875 0.16136033622382198 0.7822265625 0.16008978239528796 0.78515625 0.20455916639397906
7 0.14453125 0.202018058736911 0.15625 0.16390144388089006 0.1162109375 0.1575486747382199 0.125 0.19439473576570682
2 0.40234375 0.64925300638089 0.404296875 0.5755608843259162 0.3837890625 0.5742903304973822 0.380859375 0.6289241451243456
2 0.224609375 0.5984308532395288 0.248046875 0.562855346040576 0.2490234375 0.526009285013089 0.21875 0.5323620541557592 0.216796875 0.5933486379253927
2 0.8828125 0.6390885757526178 0.904296875 0.6213008221531413 0.9072265625 0.5819136534685864 0.875 0.5806430996400523 0.87109375 0.6263830374672775 0.8759765625 0.6403591295811518
2 0.7109375 0.6441707910667539 0.716796875 0.6289241451243456 0.7109375 0.5755608843259162 0.6787109375 0.5742903304973822 0.68359375 0.6238419298102095 0.7001953125 0.6454413448952879
2 0.05859375 0.6035130685536649 0.0625 0.565396453697644 0.052734375 0.5145743005562827 0.0322265625 0.5107626390706806 0.03125 0.5704786690117801 0.0478515625 0.5997014070680629