9 0.70703125 0.9833984375 0.73046875 0.9580078125 0.736328125 0.9287109375 0.7578125 0.7705078125 0.751953125 0.6533203125 0.767578125 0.6064453125 0.767578125 0.5498046875 0.80078125 0.5126953125 0.82421875 0.4052734375 0.783203125 0.2646484375 0.7509765625 0.234375 0.7060546875 0.2109375 0.6103515625 0.2109375 0.5673828125 0.23046875 0.556640625 0.2431640625 0.5771484375 0.349609375 0.544921875 0.2470703125 0.4990234375 0.21484375 0.4697265625 0.2109375 0.4658203125 0.203125 0.4482421875 0.2109375 0.4404296875 0.1953125 0.4248046875 0.216796875 0.3564453125 0.20703125 0.2998046875 0.228515625 0.27734375 0.2587890625 0.2578125 0.3349609375 0.251953125 0.4599609375 0.267578125 0.5361328125 0.3037109375 0.5390625 0.30859375 0.5556640625 0.30859375 0.6376953125 0.32421875 0.7587890625 0.322265625 0.8388671875 0.330078125 0.8857421875 0.359375 0.9404296875 0.3427734375 0.935546875 0.3359375 0.9443359375 0.330078125 0.9814453125 0.3701171875 0.982421875 0.392578125 0.9443359375 0.38671875 0.9365234375 0.4052734375 0.927734375 0.41796875 0.9365234375 0.419921875 0.9599609375 0.4345703125 0.9765625 0.4677734375 0.982421875 0.478515625 0.9755859375 0.470703125 0.9638671875 0.4765625 0.9423828125 0.4609375 0.9345703125 0.4755859375 0.9296875 0.482421875 0.9150390625 0.4921875 0.8134765625 0.5078125 0.7607421875 0.5078125 0.5849609375 0.5244140625 0.5390625 0.5556640625 0.546875 0.5625 0.5361328125 0.576171875 0.4794921875 0.5791015625 0.3515625 0.58203125 0.4873046875 0.560546875 0.6025390625 0.5703125 0.6962890625 0.560546875 0.7568359375 0.578125 0.8388671875 0.58984375 0.9658203125 0.6142578125 0.984375
5 0.41796875 0.2255859375 0.42578125 0.1611328125 0.404296875 0.1396484375 0.392578125 0.1025390625 0.4072265625 0.056640625 0.4189453125 0.05078125 0.4384765625 0.0546875 0.458984375 0.0869140625 0.45703125 0.1162109375 0.4375 0.1572265625 0.435546875 0.2041015625 0.4736328125 0.205078125 0.482421875 0.1650390625 0.47265625 0.0654296875 0.4521484375 0.0390625 0.4248046875 0.0234375 0.4052734375 0.03125 0.375 0.0615234375 0.359375 0.1376953125 0.3671875 0.1982421875
7 0.43359375 0.1572265625 0.455078125 0.1220703125 0.458984375 0.0908203125 0.4228515625 0.07421875 0.39453125 0.0888671875 0.39453125 0.1162109375 0.408203125 0.1455078125
3 0.45703125 0.0849609375 0.44921875 0.0654296875 0.4326171875 0.052734375 0.4130859375 0.052734375 0.396484375 0.0751953125 0.3974609375 0.0859375 0.4208984375 0.076171875
3 0.771484375 0.6083984375 0.787109375 0.5849609375 0.7841796875 0.537109375 0.767578125 0.5458984375
3 0.3046875 0.6337890625 0.3125 0.6025390625 0.3046875 0.5419921875 0.2724609375 0.5390625 0.265625 0.5654296875 0.26953125 0.5927734375 0.29296875 0.6298828125
3 0.51953125 0.6357421875 0.552734375 0.6025390625 0.55859375 0.5830078125 0.556640625 0.5556640625 0.5380859375 0.5390625 0.51953125 0.5498046875 0.5078125 0.5830078125 0.51171875 0.6298828125
5 0.685546875 0.2080078125 0.7119140625 0.205078125 0.720703125 0.1943359375 0.71875 0.1142578125 0.701171875 0.0634765625 0.6650390625 0.0390625 0.642578125 0.0517578125 0.6171875 0.1005859375 0.607421875 0.1455078125 0.607421875 0.1943359375 0.6142578125 0.20703125 0.6533203125 0.201171875 0.6611328125 0.208984375
1 0.3046875 0.6337890625 0.310546875 0.6083984375 0.306640625 0.5478515625 0.3017578125 0.5390625 0.2705078125 0.5390625 0.26953125 0.5927734375 0.294921875 0.6318359375
1 0.771484375 0.6083984375 0.787109375 0.5849609375 0.7822265625 0.537109375 0.767578125 0.5498046875
1 0.521484375 0.6357421875 0.556640625 0.6005859375 0.55859375 0.5615234375 0.5380859375 0.5390625 0.521484375 0.5478515625 0.5078125 0.5830078125 0.5078125 0.6044921875 0.515625 0.6123046875 0.51171875 0.6298828125