9 0.298828125 0.979367597912758 0.30859375 0.9705840320121951 0.306640625 0.9413054790103189 0.298828125 0.9295940578095685 0.298828125 0.8066241352016885 0.3076171875 0.7817373651500938 0.3125 0.8036962799015009 0.314453125 0.8886040836069419 0.3046875 0.9354497684099438 0.3193359375 0.948625117260788 0.3447265625 0.9515529725609756 0.3837890625 0.9515529725609756 0.39453125 0.9383776237101313 0.392578125 0.9266662025093808 0.3857421875 0.9164187089587242 0.3740234375 0.9134908536585366 0.359375 0.8856762283067542 0.35546875 0.7890570034005628 0.36328125 0.7568505950984991 0.375 0.7451391738977486 0.3828125 0.7246441867964353 0.380859375 0.6836542125938087 0.375 0.666087080792683 0.37109375 0.5723957111866792 0.3857421875 0.5826432047373359 0.396484375 0.5577564346857411 0.3984375 0.5343335922842402 0.388671875 0.4962714733818011 0.380859375 0.4289308014774859 0.365234375 0.3762294060741088 0.3369140625 0.3454869254221388 0.3291015625 0.3454869254221388 0.3232421875 0.3601262019230769 0.3154296875 0.3571983466228893 0.2939453125 0.3162083724202627 0.2919921875 0.3249919383208255 0.2646484375 0.3425590701219512 0.2421875 0.37915726137429645 0.236328125 0.39965224847560976 0.236328125 0.4611372097795497 0.248046875 0.5314057369840526 0.2578125 0.5548285793855535 0.232421875 0.6016742641885553 0.20703125 0.7129327655956847 0.2607421875 0.7173245485459663 0.26953125 0.7246441867964353 0.26171875 0.8036962799015009 0.251953125 0.8329748329033771 0.24609375 0.9266662025093808 0.255859375 0.9471611896106942 0.2568359375 0.9691201043621013 0.2763671875 0.9808315255628518
8 0.49609375 0.8856762283067542 0.525390625 0.8681090965056285 0.5380859375 0.7670980886491557 0.5390625 0.8359026882035647 0.5458984375 0.8695730241557224 0.5615234375 0.8695730241557224 0.5751953125 0.8578616029549718 0.580078125 0.8212634117026266 0.57421875 0.7802734375 0.58203125 0.6250971065900562 0.5703125 0.5636121452861164 0.5634765625 0.5680039282363978 0.55859375 0.5577564346857411 0.5703125 0.5548285793855535 0.572265625 0.4640650650797373 0.5625 0.4084358143761726 0.5556640625 0.398188320825516 0.5458984375 0.39526046552532834 0.5380859375 0.41575545262664165 0.5224609375 0.4040440314258912 0.5126953125 0.38354904432457787 0.482421875 0.4289308014774859 0.482421875 0.46699292037992496 0.494140625 0.5109107498827392 0.49609375 0.5489728687851783 0.49609375 0.581179277087242 0.490234375 0.5899628429878049 0.48828125 0.6221692512898687 0.490234375 0.8124798458020638 0.49609375 0.84175839880394 0.4921875 0.8534698200046904
8 0.859375 0.3879408272748593 0.8857421875 0.37476547842401503 0.916015625 0.3703736954737336 0.892578125 0.28253803646810505 0.8837890625 0.2693626876172608 0.8544921875 0.2547234111163227 0.8369140625 0.2840019641181989 0.8271484375 0.28107410881801126 0.8212890625 0.2635069770168856 0.7998046875 0.2722905429174484 0.7890625 0.2942494576688555 0.7734375 0.3703736954737336 0.7841796875 0.36890976782363977 0.8056640625 0.3864768996247655 0.8251953125 0.3776933337242026 0.8447265625 0.3894047549249531
8 0.884765625 0.7714898715994372 0.892578125 0.6836542125938087 0.88671875 0.4406422226782364 0.89453125 0.42600294617729834 0.89453125 0.4084358143761726 0.8876953125 0.4040440314258912 0.8212890625 0.41575545262664165 0.8154296875 0.4069718867260788 0.7998046875 0.4069718867260788 0.796875 0.4377143673780488 0.8046875 0.4494257885787992 0.798828125 0.46699292037992496 0.806640625 0.5489728687851783 0.8046875 0.5987464088883677 0.8125 0.6192413959896811 0.818359375 0.6690149360928705 0.82421875 0.7656341609990619 0.8466796875 0.7700259439493433 0.8583984375 0.7553866674484052 0.8623046875 0.772953799249531 0.8701171875 0.7670980886491557
4 0.81640625 0.22398093046435272 0.81640625 0.21519736456378988 0.8251953125 0.2049498710131332 0.8349609375 0.2049498710131332 0.8447265625 0.21666129221388367 0.8515625 0.21226950926360225 0.8408203125 0.18738273921200752 0.8291015625 0.18445488391181988 0.8125 0.20055808806285177
4 0.5 0.39672439317542213 0.517578125 0.37915726137429645 0.517578125 0.35866227427298314 0.5302734375 0.34841478072232646 0.5419921875 0.3249919383208255 0.5546875 0.3264558659709193 0.5478515625 0.30742480651969983 0.5341796875 0.29864124061913694 0.5205078125 0.29864124061913694 0.515625 0.305960878869606 0.50390625 0.3381672871716698 0.5078125 0.35866227427298314 0.49609375 0.382085116674484 0.49609375 0.39672439317542213
5 0.30078125 0.3001051682692308 0.3193359375 0.275218398217636 0.3447265625 0.26643483231707316 0.3466796875 0.28107410881801126 0.35546875 0.267898759967167 0.353515625 0.2386202069652908 0.3427734375 0.2195891475140713 0.3037109375 0.22544485811444653 0.287109375 0.24740377286585366 0.27734375 0.267898759967167 0.279296875 0.2883937470684803 0.2880859375 0.30156909591932457
7 0.55078125 0.38501297197467166 0.560546875 0.36451798487335835 0.5556640625 0.34841478072232646 0.533203125 0.35866227427298314 0.533203125 0.37915726137429645 0.5380859375 0.3864768996247655
7 0.33984375 0.3381672871716698 0.3505859375 0.336703359521576 0.359375 0.3235280106707317 0.3505859375 0.30156909591932457 0.3427734375 0.29864124061913694 0.3349609375 0.3162083724202627 0.3212890625 0.3044969512195122 0.310546875 0.305960878869606 0.310546875 0.3235280106707317 0.3173828125 0.33377550422138835
6 0.837890625 0.27668232586772984 0.8447265625 0.275218398217636 0.853515625 0.25618733876641653 0.8525390625 0.22544485811444653 0.8427734375 0.237156279315197 0.814453125 0.2356923516651032 0.82421875 0.2708266152673546
1 0.41015625 0.6309528171904315 0.404296875 0.5782514217870544 0.3974609375 0.5621482176360225 0.3916015625 0.5621482176360225 0.38671875 0.5723957111866792 0.388671875 0.5987464088883677 0.3955078125 0.611921757739212 0.4033203125 0.6089939024390244 0.40625 0.6309528171904315
1 0.517578125 0.6748706466932458 0.5234375 0.6690149360928705 0.521484375 0.6485199489915572 0.529296875 0.6368085277908068 0.5107421875 0.5826432047373359 0.498046875 0.5899628429878049 0.498046875 0.6602313701923077 0.5048828125 0.673406719043152
1 0.302734375 0.6631592254924953 0.3125 0.65730351489212 0.310546875 0.6309528171904315 0.31640625 0.6280249618902439 0.29296875 0.5782514217870544 0.2841796875 0.5767874941369606 0.2734375 0.5928906982879925 0.2890625 0.6543756595919324
0 0.884765625 0.4084358143761726 0.9072265625 0.39526046552532834 0.91015625 0.3733015507739212 0.8837890625 0.37476547842401503 0.853515625 0.3908686825750469 0.8603515625 0.4098997420262664
0 0.841796875 0.41429152497654786 0.84765625 0.4084358143761726 0.849609375 0.3908686825750469 0.8369140625 0.38062118902439024 0.8037109375 0.38354904432457787 0.7861328125 0.36890976782363977 0.7734375 0.3762294060741088 0.775390625 0.3937965378752345 0.7880859375 0.4040440314258912 0.8115234375 0.4069718867260788 0.8212890625 0.41575545262664165