2 0.205078125 0.2860649956597222 0.25390625 0.2398681640625 0.2578125 0.1510281032986111 0.2490234375 0.13148328993055555 0.1552734375 0.09950086805555555 0.087890625 0.1119384765625 0.08203125 0.2007785373263889 0.0986328125 0.2594129774305556 0.1279296875 0.2807345920138889 0.1611328125 0.23453776041666666 0.1845703125 0.2842881944444444
2 0.48828125 0.3073866102430556 0.5185546875 0.24519856770833334 0.5537109375 0.2913953993055556 0.6123046875 0.2629665798611111 0.62109375 0.17945692274305555 0.609375 0.1119384765625 0.5810546875 0.09239366319444445 0.5126953125 0.09239366319444445 0.4248046875 0.1421440972222222 0.412109375 0.17945692274305555 0.419921875 0.2825113932291667 0.4501953125 0.3056098090277778
2 0.87890625 0.8368733723958334 0.9248046875 0.8173285590277778 0.958984375 0.7729085286458334 0.9765625 0.6378716362847222 0.9658203125 0.5863444010416666 0.8779296875 0.5259331597222222 0.8095703125 0.5046115451388888 0.7119140625 0.5010579427083334 0.65625 0.5277099609375 0.65625 0.7160508897569444 0.6923828125 0.7817925347222222 0.7333984375 0.8102213541666666 0.7939453125 0.7320421006944444 0.8388671875 0.8350965711805556
7 0.841796875 0.9967854817708334 0.90625 0.8830702039930556 0.9111328125 0.83154296875 0.8408203125 0.8386501736111112 0.7900390625 0.7320421006944444 0.7333984375 0.8137749565972222 0.685546875 0.7835693359375 0.6953125 0.8581949869791666 0.7509765625 0.9843478732638888 0.7646484375 0.9985622829861112
7 0.5390625 0.4779595269097222 0.5634765625 0.4584147135416667 0.587890625 0.4068874782986111 0.5947265625 0.2807345920138889 0.5517578125 0.2913953993055556 0.5185546875 0.24519856770833334 0.4892578125 0.3091634114583333 0.439453125 0.3073866102430556 0.443359375 0.3749050564236111 0.4775390625 0.4442003038194444 0.5087890625 0.4761827256944444
7 0.169921875 0.4068874782986111 0.2275390625 0.3446994357638889 0.2412109375 0.3056098090277778 0.25390625 0.3002794053819444 0.251953125 0.2789577907986111 0.2353515625 0.2985026041666667 0.2294921875 0.2736273871527778 0.1904296875 0.2913953993055556 0.1630859375 0.2380913628472222 0.1298828125 0.2807345920138889 0.1083984375 0.2736273871527778 0.10546875 0.3109402126736111 0.123046875 0.3606906467013889 0.1396484375 0.3908962673611111
4 0.26171875 0.1510281032986111 0.28515625 0.08350965711805555 0.2724609375 0 0.0810546875 0 0.076171875 0.012437608506944444 0.0927734375 0.1030544704861111 0.1923828125 0.06751844618055555 0.2041015625 0.09950086805555555 0.2255859375 0.0888400607638889
4 0.4140625 0.1616889105902778 0.4873046875 0.053304036458333336 0.5458984375 0.03908962673611111 0.5888671875 0.095947265625 0.59765625 0.09417046440972222 0.595703125 0.06929524739583333 0.5693359375 0 0.4697265625 0 0.42578125 0.07640245225694445
4 0.9609375 0.5703531901041666 0.94921875 0.3855658637152778 0.98046875 0.3393690321180556 0.982421875 0.2931722005208333 0.947265625 0.1901177300347222 0.9150390625 0.16346571180555555 0.8779296875 0.159912109375 0.7490234375 0.2061089409722222 0.7109375 0.2931722005208333 0.701171875 0.4246554904513889 0.6640625 0.5028347439236112 0.7080078125 0.4975043402777778 0.7373046875 0.4264322916666667 0.8076171875 0.4228786892361111 0.8466796875 0.44775390625 0.8994140625 0.5330403645833334
8 0.201171875 0.9967854817708334 0.3359375 0.9825710720486112 0.333984375 0.7409261067708334 0.34375 0.5881212022569444 0.318359375 0.4601915147569444 0.2587890625 0.2629665798611111 0.251953125 0.3038330078125 0.2255859375 0.3482530381944444 0.1181640625 0.4726291232638889 0.1064453125 0.5330403645833334 0.09765625 0.5277099609375 0.126953125 0.3749050564236111 0.1025390625 0.2949490017361111 0.0546875 0.3677978515625 0.03125 0.4601915147569444 0.037109375 0.5170491536458334 0.02734375 0.5632459852430556 0.0693359375 0.6041124131944444 0.09375 0.6591932508680556 0.109375 0.7160508897569444 0.123046875 0.8475341796875 0.1640625 0.9896782769097222
8 0.671875 0.4672987196180556 0.685546875 0.4388699001736111 0.68359375 0.3642442491319444 0.6279296875 0.3162706163194444 0.63671875 0.4175482855902778 0.6572265625 0.4690755208333333
8 0.638671875 0.9967854817708334 0.69140625 0.9470350477430556 0.66796875 0.8617485894097222 0.658203125 0.7480333116319444 0.6455078125 0.7427029079861112 0.65234375 0.7729085286458334 0.6396484375 0.7817925347222222 0.6396484375 0.7427029079861112 0.6123046875 0.7498101128472222 0.5966796875 0.7142740885416666 0.578125 0.8013373480902778 0.576171875 0.9932318793402778
8 0.53125 0.9967854817708334 0.50390625 0.7906765407986112 0.4765625 0.7658013237847222 0.4677734375 0.6858452690972222 0.45703125 0.6911756727430556 0.451171875 0.7658013237847222 0.4296875 0.7942301432291666 0.453125 0.6058892144097222 0.439453125 0.5596923828125 0.43359375 0.4708523220486111 0.4248046875 0.4619683159722222 0.353515625 0.5952284071180556 0.34375 0.7267116970486112 0.34765625 0.9896782769097222