9 0.673828125 0.77197265625 0.6845703125 0.767578125 0.701171875 0.74560546875 0.701171875 0.73388671875 0.69140625 0.71923828125 0.712890625 0.68408203125 0.72265625 0.65771484375 0.7265625 0.63427734375 0.73828125 0.61376953125 0.7421875 0.59619140625 0.7421875 0.56396484375 0.734375 0.54638671875 0.73828125 0.53173828125 0.736328125 0.49658203125 0.6884765625 0.4072265625 0.6689453125 0.3955078125 0.6552734375 0.3955078125 0.6357421875 0.427734375 0.6240234375 0.427734375 0.611328125 0.41162109375 0.611328125 0.39697265625 0.6083984375 0.3955078125 0.6025390625 0.404296875 0.5615234375 0.43359375 0.529296875 0.50244140625 0.53125 0.53759765625 0.544921875 0.55810546875 0.5390625 0.61962890625 0.5546875 0.65478515625 0.595703125 0.72216796875 0.599609375 0.75146484375 0.6083984375 0.7705078125 0.6240234375 0.7734375 0.6416015625 0.7646484375 0.6533203125 0.7734375
1 0.6875 0.61669921875 0.69921875 0.60498046875 0.705078125 0.56396484375 0.701171875 0.54345703125 0.6884765625 0.533203125 0.67578125 0.54638671875 0.66796875 0.57861328125 0.671875 0.60498046875 0.6806640625 0.615234375
1 0.60546875 0.62255859375 0.615234375 0.60791015625 0.61328125 0.58447265625 0.599609375 0.55224609375 0.599609375 0.54345703125 0.5908203125 0.5361328125 0.5830078125 0.5361328125 0.572265625 0.54931640625 0.572265625 0.57275390625 0.583984375 0.61083984375 0.5947265625 0.62109375
9 0.974609375 0.77197265625 0.982421875 0.76611328125 0.982421875 0.75146484375 0.97265625 0.74560546875 0.974609375 0.74267578125 0.96875 0.73388671875 0.970703125 0.72216796875 1 0.67529296875 1 0.43212890625 0.9814453125 0.404296875 0.9580078125 0.3955078125 0.9462890625 0.3984375 0.9404296875 0.41015625 0.9326171875 0.416015625 0.9150390625 0.416015625 0.9072265625 0.3984375 0.8759765625 0.4072265625 0.853515625 0.43212890625 0.84765625 0.45556640625 0.84375 0.50830078125 0.853515625 0.56396484375 0.845703125 0.59033203125 0.845703125 0.62255859375 0.873046875 0.67529296875 0.875 0.69287109375 0.8828125 0.70751953125 0.884765625 0.73974609375 0.8955078125 0.7470703125 0.8974609375 0.755859375 0.9345703125 0.767578125 0.9384765625 0.76171875 0.9462890625 0.76171875 0.9521484375 0.7705078125
9 0.322265625 0.78662109375 0.3564453125 0.767578125 0.361328125 0.75439453125 0.353515625 0.72216796875 0.357421875 0.71044921875 0.357421875 0.69580078125 0.341796875 0.67529296875 0.3447265625 0.66796875 0.3837890625 0.662109375 0.392578125 0.66943359375 0.39453125 0.68115234375 0.390625 0.68994140625 0.390625 0.73095703125 0.384765625 0.76318359375 0.384765625 0.77490234375 0.3916015625 0.7822265625 0.4208984375 0.7822265625 0.44921875 0.75439453125 0.435546875 0.73681640625 0.431640625 0.72509765625 0.4375 0.69287109375 0.4375 0.66650390625 0.4453125 0.64599609375 0.44921875 0.61962890625 0.4453125 0.58447265625 0.44921875 0.56103515625 0.44921875 0.49951171875 0.44140625 0.45556640625 0.43359375 0.43505859375 0.416015625 0.41748046875 0.416015625 0.38525390625 0.4130859375 0.3779296875 0.40234375 0.37353515625 0.396484375 0.33837890625 0.3837890625 0.3251953125 0.3720703125 0.3251953125 0.3623046875 0.333984375 0.34375 0.35595703125 0.34375 0.39404296875 0.3388671875 0.3984375 0.3359375 0.37646484375 0.34375 0.32080078125 0.341796875 0.27392578125 0.337890625 0.25927734375 0.3095703125 0.2314453125 0.3037109375 0.2314453125 0.2978515625 0.24609375 0.2939453125 0.234375 0.2822265625 0.234375 0.2763671875 0.228515625 0.2724609375 0.2431640625 0.2607421875 0.24609375 0.251953125 0.25634765625 0.244140625 0.27685546875 0.23828125 0.30908203125 0.23828125 0.33544921875 0.248046875 0.37939453125 0.228515625 0.43798828125 0.228515625 0.55224609375 0.2353515625 0.5625 0.25390625 0.56103515625 0.26953125 0.65478515625 0.298828125 0.70458984375 0.30859375 0.73095703125 0.30078125 0.75146484375 0.30078125 0.78076171875 0.3056640625 0.7880859375
5 0.3046875 0.21533203125 0.310546875 0.20947265625 0.310546875 0.18603515625 0.3037109375 0.1669921875 0.2880859375 0.1669921875 0.27734375 0.17724609375 0.275390625 0.19482421875 0.2802734375 0.1904296875 0.2822265625 0.205078125 0.2919921875 0.205078125 0.2958984375 0.19921875 0.296875 0.21240234375
5 0.3984375 0.38525390625 0.40234375 0.36767578125 0.3984375 0.34130859375 0.3935546875 0.3310546875 0.3857421875 0.3251953125 0.3720703125 0.3251953125 0.349609375 0.34716796875 0.3505859375 0.3544921875 0.3701171875 0.3603515625 0.3818359375 0.375 0.3896484375 0.3779296875 0.3935546875 0.38671875
5 0.607421875 0.39697265625 0.611328125 0.37646484375 0.6240234375 0.36328125 0.6396484375 0.36328125 0.65625 0.39404296875 0.658203125 0.35302734375 0.654296875 0.33837890625 0.6357421875 0.310546875 0.6279296875 0.3046875 0.6240234375 0.3046875 0.611328125 0.32373046875 0.6015625 0.34716796875 0.599609375 0.38818359375 0.6025390625 0.3984375
5 0.90625 0.39990234375 0.908203125 0.37646484375 0.9228515625 0.36328125 0.9365234375 0.3662109375 0.9453125 0.37939453125 0.9462890625 0.3984375 0.955078125 0.39111328125 0.95703125 0.36181640625 0.953125 0.33544921875 0.9306640625 0.3017578125 0.9189453125 0.3017578125 0.9091796875 0.3076171875 0.89453125 0.33837890625 0.89453125 0.39697265625 0.8994140625 0.4013671875
1 0.283203125 0.41748046875 0.29296875 0.41162109375 0.28515625 0.40869140625 0.2880859375 0.3984375 0.30078125 0.39697265625 0.302734375 0.37939453125 0.2978515625 0.3720703125 0.2919921875 0.3720703125 0.2802734375 0.3837890625 0.2705078125 0.3720703125 0.2626953125 0.3720703125 0.259765625 0.37646484375 0.259765625 0.39697265625 0.2783203125 0.4189453125
1 0.34375 0.61669921875 0.3623046875 0.603515625 0.369140625 0.58740234375 0.361328125 0.58447265625 0.361328125 0.56689453125 0.3583984375 0.5625 0.353515625 0.56689453125 0.3505859375 0.5859375 0.3310546875 0.5859375 0.330078125 0.57861328125 0.3359375 0.56982421875 0.3310546875 0.5625 0.3193359375 0.5625 0.31640625 0.56689453125 0.31640625 0.59326171875 0.322265625 0.60791015625 0.3330078125 0.6181640625
1 0.6875 0.61669921875 0.701171875 0.60205078125 0.705078125 0.56982421875 0.703125 0.54638671875 0.6943359375 0.5361328125 0.6787109375 0.5390625 0.669921875 0.56689453125 0.671875 0.60791015625
1 0.607421875 0.61962890625 0.61328125 0.61083984375 0.61328125 0.58447265625 0.6015625 0.55810546875 0.599609375 0.54345703125 0.5966796875 0.5390625 0.5791015625 0.5390625 0.572265625 0.56982421875 0.58203125 0.60498046875 0.5947265625 0.62109375
1 0.966796875 0.65771484375 0.9765625 0.64599609375 0.9765625 0.63134765625 0.958984375 0.59326171875 0.96484375 0.56689453125 0.9521484375 0.5537109375 0.9423828125 0.5537109375 0.9287109375 0.5625 0.921875 0.56982421875 0.921875 0.61962890625 0.9404296875 0.6240234375 0.9521484375 0.65625
1 0.638671875 0.42333984375 0.642578125 0.41748046875 0.642578125 0.40283203125 0.654296875 0.39404296875 0.650390625 0.37939453125 0.6474609375 0.375 0.6220703125 0.3720703125 0.6103515625 0.375 0.609375 0.41455078125 0.6240234375 0.4248046875
1 0.376953125 0.44970703125 0.390625 0.43505859375 0.392578125 0.39990234375 0.3466796875 0.3984375 0.345703125 0.41455078125 0.3515625 0.43212890625 0.3623046875 0.4482421875
7 0.93359375 0.41455078125 0.9375 0.41162109375 0.9375 0.37646484375 0.9130859375 0.375 0.908203125 0.38818359375 0.912109375 0.40869140625 0.9169921875 0.416015625
7 0.37890625 0.44677734375 0.390625 0.43212890625 0.390625 0.39990234375 0.3603515625 0.4013671875 0.359375 0.42041015625 0.3525390625 0.421875 0.3515625 0.42919921875 0.3642578125 0.4482421875
7 0.638671875 0.42333984375 0.642578125 0.41748046875 0.642578125 0.40283203125 0.6513671875 0.4013671875 0.65625 0.39404296875 0.65234375 0.37939453125 0.6396484375 0.36328125 0.6279296875 0.36328125 0.6220703125 0.3720703125 0.6123046875 0.3720703125 0.607421875 0.38525390625 0.609375 0.39990234375 0.6259765625 0.4248046875
7 0.37890625 0.44677734375 0.390625 0.42919921875 0.3876953125 0.4013671875 0.34765625 0.40576171875 0.34765625 0.42041015625 0.3515625 0.43212890625 0.3623046875 0.4482421875
7 0.296875 0.25048828125 0.3046875 0.24169921875 0.302734375 0.21826171875 0.2802734375 0.2109375 0.275390625 0.21826171875 0.27734375 0.23876953125 0.2900390625 0.251953125
7 0.931640625 0.41455078125 0.943359375 0.40283203125 0.9453125 0.37939453125 0.9384765625 0.369140625 0.9248046875 0.3662109375 0.91015625 0.37939453125 0.91015625 0.40283203125 0.9169921875 0.416015625 0.931640625 0.41455078125