3 0.71875 0.2309027777777778 0.7275390625 0.22569444444444445 0.7314453125 0.22916666666666666 0.7392578125 0.2013888888888889 0.7431640625 0.2152777777777778 0.74609375 0.21006944444444445 0.751953125 0.1753472222222222 0.751953125 0.1545138888888889 0.7451171875 0.13194444444444445 0.7412109375 0.13194444444444445 0.7294921875 0.14930555555555555 0.7138671875 0.14583333333333334 0.6982421875 0.13194444444444445 0.677734375 0.1579861111111111 0.681640625 0.19270833333333334 0.6923828125 0.20833333333333334 0.7001953125 0.20833333333333334 0.7060546875 0.22916666666666666
6 0.72265625 0.2725694444444444 0.7275390625 0.2708333333333333 0.740234375 0.24479166666666666 0.740234375 0.2378472222222222 0.734375 0.234375 0.734375 0.2170138888888889 0.7255859375 0.20833333333333334 0.7138671875 0.21180555555555555 0.7060546875 0.22916666666666666 0.6943359375 0.2361111111111111 0.6875 0.2482638888888889 0.6875 0.2586805555555556 0.6923828125 0.2638888888888889 0.7138671875 0.2743055555555556
0 0.5859375 0.6927083333333334 0.59765625 0.6788194444444444 0.58984375 0.6267361111111112 0.5576171875 0.6319444444444444 0.556640625 0.6579861111111112 0.560546875 0.6822916666666666 0.5771484375 0.6944444444444444
0 0.828125 0.6753472222222222 0.837890625 0.6649305555555556 0.84375 0.640625 0.84375 0.6197916666666666 0.8154296875 0.6006944444444444 0.8046875 0.6302083333333334 0.802734375 0.6649305555555556 0.8115234375 0.6770833333333334
4 0.732421875 0.14756944444444445 0.7412109375 0.13194444444444445 0.75 0.13368055555555555 0.748046875 0.10590277777777778 0.7353515625 0.0763888888888889 0.7255859375 0.06944444444444445 0.7060546875 0.06944444444444445 0.689453125 0.08854166666666667 0.68359375 0.1232638888888889 0.6845703125 0.14930555555555555 0.7001953125 0.13194444444444445 0.7138671875 0.14583333333333334
4 0.830078125 0.1579861111111111 0.830078125 0.1267361111111111 0.8154296875 0.09722222222222222 0.8017578125 0.09027777777777778 0.7822265625 0.09027777777777778 0.765625 0.11979166666666667 0.7666015625 0.14583333333333334 0.7744140625 0.12152777777777778 0.8037109375 0.11458333333333333 0.806640625 0.11979166666666667 0.806640625 0.1371527777777778 0.8134765625 0.15625
2 0.76953125 0.17881944444444445 0.7763671875 0.17708333333333334 0.7802734375 0.16319444444444445 0.7880859375 0.1736111111111111 0.7939453125 0.1736111111111111 0.8095703125 0.15625 0.8154296875 0.1597222222222222 0.81640625 0.1545138888888889 0.7998046875 0.14583333333333334 0.7880859375 0.14583333333333334 0.7802734375 0.15625 0.7646484375 0.15625 0.763671875 0.171875
6 0.80078125 0.234375 0.810546875 0.22395833333333334 0.80859375 0.19618055555555555 0.8017578125 0.18055555555555555 0.7958984375 0.1736111111111111 0.7861328125 0.1736111111111111 0.7822265625 0.16666666666666666 0.767578125 0.1857638888888889 0.76953125 0.2065972222222222 0.7783203125 0.22569444444444445 0.7900390625 0.2361111111111111
8 0.8125 0.5642361111111112 0.8125 0.5503472222222222 0.82421875 0.5190972222222222 0.82421875 0.4704861111111111 0.818359375 0.4427083333333333 0.8115234375 0.4340277777777778 0.8046875 0.484375 0.8046875 0.5225694444444444 0.798828125 0.5572916666666666 0.8017578125 0.5659722222222222
8 0.865234375 0.3940972222222222 0.87890625 0.359375 0.87890625 0.3038194444444444 0.875 0.2795138888888889 0.8623046875 0.2638888888888889 0.8447265625 0.2638888888888889 0.8291015625 0.25 0.8212890625 0.2326388888888889 0.814453125 0.2552083333333333 0.8095703125 0.2604166666666667 0.7978515625 0.2465277777777778 0.79296875 0.2586805555555556 0.79296875 0.2690972222222222 0.8212890625 0.2986111111111111 0.8515625 0.3559027777777778 0.861328125 0.3940972222222222
8 0.841796875 0.9982638888888888 0.845703125 0.9947916666666666 0.84765625 0.9809027777777778 0.84765625 0.8836805555555556 0.861328125 0.6788194444444444 0.861328125 0.6440972222222222 0.8544921875 0.6041666666666666 0.84375 0.6232638888888888 0.83984375 0.6614583333333334 0.8330078125 0.6736111111111112 0.8154296875 0.6805555555555556 0.8056640625 0.6736111111111112 0.80078125 0.6545138888888888 0.796875 0.6545138888888888 0.791015625 0.7552083333333334 0.79296875 0.8177083333333334 0.802734375 0.8524305555555556 0.802734375 0.9878472222222222 0.8095703125 1
9 0.724609375 0.9600694444444444 0.7509765625 0.9583333333333334 0.7666015625 0.9409722222222222 0.77734375 0.9184027777777778 0.791015625 0.7586805555555556 0.79296875 0.6788194444444444 0.796875 0.6475694444444444 0.791015625 0.6336805555555556 0.796875 0.6128472222222222 0.798828125 0.5399305555555556 0.802734375 0.5260416666666666 0.80859375 0.4322916666666667 0.818359375 0.4357638888888889 0.826171875 0.4739583333333333 0.826171875 0.5190972222222222 0.814453125 0.5503472222222222 0.814453125 0.5954861111111112 0.8232421875 0.6076388888888888 0.8388671875 0.6145833333333334 0.8466796875 0.6145833333333334 0.849609375 0.609375 0.857421875 0.5434027777777778 0.8671875 0.5225694444444444 0.87109375 0.4947916666666667 0.869140625 0.4357638888888889 0.8515625 0.359375 0.8193359375 0.2986111111111111 0.7978515625 0.2777777777777778 0.7783203125 0.2465277777777778 0.7724609375 0.2465277777777778 0.7646484375 0.2361111111111111 0.7470703125 0.2326388888888889 0.7294921875 0.2708333333333333 0.7099609375 0.2743055555555556 0.6884765625 0.2604166666666667 0.681640625 0.2482638888888889 0.6806640625 0.2361111111111111 0.6669921875 0.2361111111111111 0.6513671875 0.2465277777777778 0.6142578125 0.2916666666666667 0.56640625 0.3802083333333333 0.5546875 0.4253472222222222 0.546875 0.5017361111111112 0.546875 0.5295138888888888 0.552734375 0.5607638888888888 0.548828125 0.6197916666666666 0.5576171875 0.6319444444444444 0.5869140625 0.625 0.58984375 0.6197916666666666 0.587890625 0.5572916666666666 0.59375 0.5329861111111112 0.59375 0.484375 0.59765625 0.4635416666666667 0.6142578125 0.4409722222222222 0.611328125 0.640625 0.615234375 0.6545138888888888 0.611328125 0.6649305555555556 0.611328125 0.7204861111111112 0.619140625 0.9322916666666666 0.6435546875 0.9548611111111112 0.6630859375 0.9618055555555556