9 0.48046875 0.508707096822542 0.583984375 0.47059071492805754 0.572265625 0.4647266561750599 0.5654296875 0.43980440647482016 0.4990234375 0.47205672961630696 0.474609375 0.5057750674460432
9 0.591796875 0.9954239733213429 0.6298828125 0.9734337529976019 0.63671875 0.9602396208033573 0.611328125 0.8195022107314148 0.61328125 0.7637936525779376 0.6083984375 0.7564635791366906 0.5791015625 0.7593956085131894 0.5498046875 0.7857838729016786 0.5361328125 0.8092401079136691 0.5087890625 0.8092401079136691 0.4775390625 0.8297643135491607 0.470703125 0.8077740932254197 0.474609375 0.7784537994604317 0.45703125 0.7462014763189448 0.4287109375 0.5981339928057554 0.375 0.7374053881894485 0.3671875 0.7872498875899281 0.376953125 0.9309193270383693 0.390625 0.9895599145683454 0.3955078125 0.9968899880095923
9 0.97265625 0.9954239733213429 0.984375 0.9661036795563549 1 0.9485115032973621 1 0.8370943869904077 0.9609375 0.7110171238009593 0.962890625 0.6875608887889688 0.953125 0.6523765362709832 0.8681640625 0.48378484712230213 0.8271484375 0.44860049460431656 0.7666015625 0.42807628896882494 0.763671875 0.46179462679856115 0.7177734375 0.5072410821342925 0.6767578125 0.5219012290167866 0.634765625 0.5175031849520384 0.6640625 0.6934249475419664 0.6708984375 0.7007550209832134 0.7021484375 0.6948909622302158 0.712890625 0.7051530650479616 0.701171875 0.7462014763189448 0.708984375 0.8136381519784173 0.701171875 0.8488225044964028 0.7333984375 0.8708127248201439 0.76171875 0.9133271507793765 0.7705078125 0.9939579586330936
7 0.681640625 0.3943579511390887 0.71484375 0.3415814223621103 0.72265625 0.2917369229616307 0.720703125 0.2565525704436451 0.6728515625 0.24335843824940048 0.6201171875 0.2462904676258993 0.623046875 0.33864939298561153 0.638671875 0.3503775104916067 0.638671875 0.36796968675059955 0.6494140625 0.38995990707434053
7 0.71875 0.25362054106714627 0.716796875 0.20084401229016788 0.6923828125 0.16712567446043167 0.6435546875 0.16126161570743405 0.6259765625 0.17592176258992806 0.61328125 0.20084401229016788 0.6181640625 0.2462904676258993 0.6728515625 0.24335843824940048
7 0.71875 0.25362054106714627 0.716796875 0.20084401229016788 0.6923828125 0.16712567446043167 0.6435546875 0.16126161570743405 0.6259765625 0.17592176258992806 0.61328125 0.20084401229016788 0.6181640625 0.2462904676258993 0.6708984375 0.24335843824940048
3 0.71875 0.25362054106714627 0.716796875 0.20084401229016788 0.6923828125 0.16712567446043167 0.6435546875 0.16126161570743405 0.6259765625 0.17592176258992806 0.61328125 0.20084401229016788 0.615234375 0.23602836480815348 0.6220703125 0.24922249700239807 0.6728515625 0.24335843824940048
5 0.75390625 0.3884938923860911 0.76171875 0.38262983363309355 0.767578125 0.35330953986810554 0.771484375 0.2653486585731415 0.751953125 0.13633936600719423 0.7490234375 0.14073741007194246 0.7314453125 0.11141711630695443 0.703125 0.10701907224220623 0.7177734375 0.10555305755395683 0.71875 0.08649486660671463 0.724609375 0.08356283723021583 0.7041015625 0.049844499400479615 0.6513671875 0.023456235011990408 0.6279296875 0.043980440647482015 0.5859375 0.12167921912470024 0.583984375 0.16272763039568344 0.578125 0.17152371852517986 0.576171875 0.2741447467026379 0.5859375 0.3445134517386091 0.5986328125 0.3694357014388489 0.6025390625 0.35770758393285373 0.611328125 0.3591735986211031 0.607421875 0.2946689523381295 0.595703125 0.2888048935851319 0.59375 0.24775648231414868 0.5849609375 0.25801858513189446 0.58203125 0.24482445293764987 0.5859375 0.18911589478417265 0.6123046875 0.15246552757793766 0.6572265625 0.13487335131894485 0.6904296875 0.13487335131894485 0.716796875 0.15099951288968824 0.70703125 0.17738777727817745 0.720703125 0.21843618854916066 0.720703125 0.3562415692446043
1 0.763671875 0.9954239733213429 0.771484375 0.9866278851918465 0.771484375 0.9690357089328537 0.76171875 0.9485115032973621 0.759765625 0.9162591801558753 0.7353515625 0.8737447541966427 0.6953125 0.8517545338729017 0.708984375 0.8253662694844125 0.701171875 0.7286093000599521 0.7109375 0.7168811825539568 0.7109375 0.7022210356714629 0.6611328125 0.7036870503597122 0.6416015625 0.7183471972422062 0.611328125 0.7784537994604317 0.626953125 0.9191912095323741 0.638671875 0.9631716501798561 0.6533203125 0.9880938998800959 0.6787109375 0.9968899880095923
7 0.24609375 0.5409594199640287 0.267578125 0.5175031849520384 0.2890625 0.47059071492805754 0.2958984375 0.41928020083932854 0.2783203125 0.41341614208633093 0.20703125 0.43247433303357313 0.21484375 0.4969789793165468 0.2109375 0.5262992730815348 0.2255859375 0.5424254346522782
5 0.171875 0.3709017161270983 0.2138671875 0.3635716426858513 0.2275390625 0.34891149580335734 0.2861328125 0.33425134892086333 0.2890625 0.3269212754796163 0.27734375 0.2976009817146283 0.2490234375 0.25801858513189446 0.2158203125 0.2462904676258993 0.1904296875 0.2638826438848921 0.177734375 0.2888048935851319 0.166015625 0.3327853342326139
9 0.328125 0.9954239733213429 0.333984375 0.951443532673861 0.333984375 0.7667256819544365 0.3369140625 0.7593956085131894 0.345703125 0.7667256819544365 0.349609375 0.801910034472422 0.3623046875 0.8209682254196643 0.37109375 0.7403374175659473 0.404296875 0.6494445068944844 0.3671875 0.49404694994004794 0.3291015625 0.4310083183453237 0.3017578125 0.42807628896882494 0.271484375 0.523367243705036 0.2490234375 0.5453574640287769 0.2236328125 0.5482894934052758 0.1884765625 0.5336293465227818 0.1689453125 0.4691247002398082 0.091796875 0.5702797137290168 0.0625 0.6875608887889688 0.05859375 0.8400264163669064 0.064453125 0.8957349745203836 0.078125 0.9455794739208633 0.1064453125 0.9968899880095923