7 0.255859375 0.6602101824457594 0.298828125 0.5694495808678501 0.306640625 0.5167498767258383 0.2587890625 0.5152859960552268 0.2216796875 0.4742973372781065 0.21875 0.49918330867850097 0.22265625 0.5313886834319527 0.17578125 0.5957994329388561 0.1962890625 0.6206854043392505
7 0.513671875 0.5577385355029586 0.525390625 0.5460274901380671 0.54296875 0.5021110700197239 0.55078125 0.4728334566074951 0.55078125 0.4406280818540434 0.5322265625 0.4303809171597633 0.5185546875 0.41281434911242604 0.5029296875 0.4303809171597633 0.4560546875 0.42745315581854043 0.4609375 0.4669779339250493 0.45703125 0.522605399408284 0.4853515625 0.5562746548323472
7 0.748046875 0.4552668885601578 0.751953125 0.44355584319526625 0.7431640625 0.4420919625246548 0.740234375 0.449411365877712
7 0.783203125 0.4786889792899408 0.80078125 0.4552668885601578 0.80859375 0.425989275147929 0.8076171875 0.4098865877712032 0.779296875 0.4113504684418146 0.77734375 0.4669779339250493
1 0.638671875 0.695343318540434 0.642578125 0.6719212278106509 0.662109375 0.645571375739645 0.6826171875 0.6001910749506904 0.720703125 0.5753051035502958 0.71875 0.5430997287968442 0.708984375 0.5167498767258383 0.6787109375 0.48308062130177515 0.6650390625 0.48308062130177515 0.62890625 0.525533160749507 0.611328125 0.5899439102564102 0.576171875 0.6397158530571992
1 0.806640625 0.6777767504930966 0.8349609375 0.6294686883629191 0.88671875 0.5753051035502958 0.88671875 0.5372442061143984 0.8701171875 0.5006471893491125 0.8583984375 0.49771942800788954 0.8388671875 0.5152859960552268 0.806640625 0.5840883875739645 0.779296875 0.6104382396449705 0.77734375 0.6397158530571992 0.8017578125 0.6792406311637081
1 0.859375 0.7187654092702169 0.8720703125 0.7085182445759369 0.904296875 0.6572824211045365 0.91015625 0.6397158530571992 0.91015625 0.5928716715976331 0.9052734375 0.585552268244576 0.859375 0.6221492850098619 0.8525390625 0.6675295857988166 0.8447265625 0.6675295857988166 0.8427734375 0.6587463017751479 0.833984375 0.6660657051282052 0.83203125 0.6982710798816568 0.8359375 0.7099821252465484 0.8447265625 0.7202292899408284
9 0.318359375 0.9969027366863905 0.271484375 0.7421875 0.2548828125 0.682168392504931 0.2431640625 0.6792406311637081 0.24609375 0.695343318540434 0.2412109375 0.7026627218934911 0.2099609375 0.705590483234714 0.1513671875 0.6909516765285996 0.0810546875 0.6411797337278107 0.0458984375 0.6265409270216963 0.0146484375 0.6265409270216963 0 0.6397158530571992 0.0009765625 0.9954388560157791
9 0.662109375 0.9969027366863905 0.6640625 0.9764084072978304 0.65234375 0.9471307938856016 0.65625 0.8417313856015779 0.63671875 0.7480430226824457 0.638671875 0.7070543639053254 0.6240234375 0.682168392504931 0.576171875 0.645571375739645 0.576171875 0.6367880917159763 0.59375 0.6162937623274162 0.59765625 0.6016549556213018 0.5830078125 0.5738412228796844 0.5517578125 0.5533468934911243 0.5361328125 0.5679857001972387 0.5166015625 0.5679857001972387 0.5029296875 0.55920241617357 0.4365234375 0.5562746548323472 0.4150390625 0.5416358481262328 0.361328125 0.5899439102564102 0.365234375 0.6514268984220908 0.357421875 0.6660657051282052 0.35546875 0.7070543639053254 0.34765625 0.7216931706114399 0.349609375 0.7304764546351085 0.341796875 0.7568263067061144 0.345703125 0.791959442800789 0.333984375 0.791959442800789 0.330078125 0.8358758629191322 0.330078125 0.961769600591716 0.333984375 0.985191691321499 0.3427734375 0.9983666173570019
9 0.8125 0.9969027366863905 0.80078125 0.8915033284023669 0.806640625 0.7802483974358975 0.8115234375 0.7700012327416174 0.8466796875 0.7670734714003945 0.8564453125 0.7582901873767258 0.87109375 0.7334042159763313 0.875 0.7011988412228797 0.90234375 0.6572824211045365 0.91015625 0.6338603303747534 0.91015625 0.5987271942800789 0.9072265625 0.5884800295857988 0.9013671875 0.5884800295857988 0.8896484375 0.5972633136094675 0.8857421875 0.6089743589743589 0.8681640625 0.6119021203155819 0.859375 0.6280048076923077 0.8583984375 0.6441074950690335 0.8193359375 0.6763128698224852 0.8125 0.6719212278106509 0.8310546875 0.632396449704142 0.884765625 0.5753051035502958 0.88671875 0.5372442061143984 0.87890625 0.5138221153846154 0.8662109375 0.49771942800788954 0.8466796875 0.5065027120315582 0.8115234375 0.5738412228796844 0.7841796875 0.5065027120315582 0.779296875 0.5196776380670611 0.77734375 0.9442030325443787 0.78125 0.958841839250493 0.763671875 0.9910472140039448 0.7744140625 0.9983666173570019
9 0.748046875 0.9969027366863905 0.755859375 0.9822639299802761 0.7578125 0.9442030325443787 0.7578125 0.4933277859960552 0.751953125 0.4845445019723866 0.755859375 0.4640501725838264 0.7353515625 0.4713695759368836 0.734375 0.449411365877712 0.7294921875 0.44501972386587774 0.7265625 0.4786889792899408 0.7177734375 0.49771942800788954 0.7158203125 0.462586291913215 0.7001953125 0.44501972386587774 0.6826171875 0.4479474852071006 0.6650390625 0.4333086785009862 0.6591796875 0.44501972386587774 0.6259765625 0.46844181459566075 0.61328125 0.49040002465483234 0.603515625 0.5343164447731755 0.59375 0.5489552514792899 0.591796875 0.572377342209073 0.5966796875 0.585552268244576 0.6064453125 0.5884800295857988 0.611328125 0.572377342209073 0.625 0.5577385355029586 0.625 0.5401719674556213 0.6328125 0.5196776380670611 0.6650390625 0.48308062130177515 0.6826171875 0.4889361439842209 0.681640625 0.4816167406311637 0.6865234375 0.4801528599605523 0.6875 0.49040002465483234 0.7060546875 0.512358234714004 0.7197265625 0.5006471893491125 0.72265625 0.5050388313609467 0.71875 0.5167498767258383 0.72265625 0.5284609220907298 0.71875 0.5430997287968442 0.720703125 0.5753051035502958 0.6865234375 0.5972633136094675 0.677734375 0.6104382396449705 0.646484375 0.668993466469428 0.640625 0.7158376479289941 0.6484375 0.7831761587771203 0.658203125 0.815381533530572 0.654296875 0.9442030325443787 0.66796875 0.9939749753451677