9 0.87109375 0.67822265625 0.8876953125 0.673828125 0.89453125 0.66357421875 0.89453125 0.64892578125 0.884765625 0.61376953125 0.884765625 0.57275390625 0.86328125 0.51123046875 0.833984375 0.44677734375 0.8076171875 0.41015625 0.7646484375 0.3720703125 0.7353515625 0.36328125 0.732421875 0.37353515625 0.740234375 0.41162109375 0.748046875 0.42333984375 0.75 0.44677734375 0.7578125 0.45263671875 0.7578125 0.47314453125 0.763671875 0.48779296875 0.763671875 0.55224609375 0.78125 0.56982421875 0.78515625 0.60205078125 0.796875 0.63134765625 0.810546875 0.64599609375 0.8232421875 0.6767578125
9 0.59375 0.88330078125 0.625 0.87451171875 0.62890625 0.80419921875 0.626953125 0.73681640625 0.630859375 0.71630859375 0.6337890625 0.720703125 0.638671875 0.71630859375 0.638671875 0.68115234375 0.6318359375 0.6826171875 0.6259765625 0.6650390625 0.583984375 0.65771484375 0.578125 0.63427734375 0.5859375 0.56103515625 0.5830078125 0.5390625 0.5751953125 0.533203125 0.5517578125 0.533203125 0.5283203125 0.57421875 0.5087890625 0.5888671875 0.490234375 0.56103515625 0.486328125 0.53173828125 0.494140625 0.51123046875 0.515625 0.48779296875 0.5205078125 0.4482421875 0.5556640625 0.4423828125 0.556640625 0.40869140625 0.5751953125 0.3896484375 0.5927734375 0.3837890625 0.5966796875 0.3720703125 0.6064453125 0.3720703125 0.607421875 0.36474609375 0.6005859375 0.3515625 0.5927734375 0.3662109375 0.5849609375 0.3544921875 0.5673828125 0.3544921875 0.5517578125 0.36328125 0.5205078125 0.357421875 0.4736328125 0.3837890625 0.427734375 0.43212890625 0.3984375 0.47900390625 0.37890625 0.57861328125 0.392578125 0.62548828125 0.4248046875 0.6708984375 0.4365234375 0.6708984375 0.4951171875 0.6181640625 0.5029296875 0.6181640625 0.5078125 0.62841796875 0.517578125 0.72802734375 0.53125 0.77490234375 0.53125 0.79541015625 0.5234375 0.81005859375 0.517578125 0.85693359375 0.5673828125 0.884765625
9 0.21484375 0.99755859375 0.2529296875 0.99609375 0.2646484375 0.978515625 0.3203125 0.96240234375 0.32421875 0.89501953125 0.314453125 0.74560546875 0.333984375 0.60498046875 0.328125 0.56982421875 0.328125 0.47314453125 0.3203125 0.43798828125 0.3046875 0.40283203125 0.2939453125 0.3837890625 0.2666015625 0.357421875 0.2470703125 0.3544921875 0.2294921875 0.375 0.220703125 0.36181640625 0.220703125 0.34716796875 0.2119140625 0.3310546875 0.1650390625 0.287109375 0.1474609375 0.2783203125 0.1162109375 0.2783203125 0.0908203125 0.287109375 0.0732421875 0.298828125 0.0244140625 0.3662109375 0.009765625 0.40283203125 0.01171875 0.46435546875 0.01953125 0.49072265625 0.01953125 0.54931640625 0.03125 0.66650390625 0.037109375 0.69873046875 0.046875 0.71923828125 0.029296875 0.81591796875 0.0234375 0.99462890625 0.0283203125 0.9990234375 0.1240234375 0.99609375 0.12109375 0.95068359375 0.125 0.94189453125 0.1435546875 0.9169921875 0.1787109375 0.8994140625 0.177734375 0.92138671875 0.1953125 0.99169921875
1 0.71875 0.66064453125 0.728515625 0.65478515625 0.73046875 0.61669921875 0.7275390625 0.6123046875 0.7001953125 0.615234375 0.697265625 0.62841796875 0.701171875 0.64013671875
1 0.34375 0.96240234375 0.3525390625 0.9609375 0.35546875 0.94775390625 0.345703125 0.91845703125 0.3310546875 0.90234375 0.322265625 0.92724609375 0.322265625 0.95361328125 0.3251953125 0.9638671875
1 0.787109375 0.69873046875 0.8056640625 0.6767578125 0.8154296875 0.673828125 0.81640625 0.66064453125 0.787109375 0.60791015625 0.7802734375 0.603515625 0.775390625 0.63427734375 0.77734375 0.67822265625 0.78125 0.69873046875
1 0.1953125 0.99755859375 0.18359375 0.95654296875 0.1748046875 0.8994140625 0.1337890625 0.92578125 0.12109375 0.95068359375 0.1279296875 0.9990234375
1 0.513671875 0.58447265625 0.5517578125 0.5302734375 0.5927734375 0.5302734375 0.5986328125 0.515625 0.60546875 0.51416015625 0.603515625 0.49365234375 0.5693359375 0.451171875 0.5302734375 0.4482421875 0.521484375 0.46435546875 0.515625 0.49072265625 0.4990234375 0.50390625 0.486328125 0.53466796875 0.48828125 0.55810546875 0.49609375 0.57275390625 0.5048828125 0.5859375
7 0.654296875 0.38525390625 0.6865234375 0.3720703125 0.6875 0.35595703125 0.697265625 0.35009765625 0.701171875 0.32958984375 0.6748046875 0.3251953125 0.6689453125 0.3134765625 0.6259765625 0.3251953125 0.623046875 0.34716796875 0.6328125 0.37353515625 0.6435546875 0.38671875
7 0.287109375 0.33837890625 0.328125 0.29150390625 0.330078125 0.25341796875 0.3212890625 0.2109375 0.2744140625 0.2314453125 0.263671875 0.25048828125 0.26171875 0.27685546875 0.25390625 0.28564453125 0.263671875 0.30908203125 0.265625 0.32666015625 0.2744140625 0.33984375
3 0.283203125 0.22705078125 0.3056640625 0.2138671875 0.3271484375 0.2138671875 0.333984375 0.19482421875 0.3251953125 0.181640625 0.3056640625 0.1787109375 0.27734375 0.21826171875 0.275390625 0.22705078125
3 0.697265625 0.32666015625 0.705078125 0.31787109375 0.705078125 0.28271484375 0.6982421875 0.2724609375 0.6474609375 0.2666015625 0.6328125 0.28564453125 0.623046875 0.31201171875 0.6259765625 0.322265625 0.6728515625 0.31640625 0.6865234375 0.328125
5 0.69921875 0.36474609375 0.7060546875 0.36328125 0.7158203125 0.345703125 0.724609375 0.34716796875 0.72265625 0.31494140625 0.7294921875 0.287109375 0.734375 0.29150390625 0.736328125 0.33544921875 0.7373046875 0.28125 0.705078125 0.27978515625 0.705078125 0.31787109375 0.6953125 0.35595703125
5 0.625 0.37353515625 0.623046875 0.30908203125 0.642578125 0.26513671875 0.6005859375 0.2431640625 0.595703125 0.27978515625 0.595703125 0.30615234375 0.603515625 0.33251953125 0.599609375 0.35009765625 0.6123046875 0.369140625
5 0.732421875 0.22412109375 0.73046875 0.18310546875 0.708984375 0.11279296875 0.6982421875 0.099609375 0.6767578125 0.087890625 0.6513671875 0.099609375 0.634765625 0.12451171875 0.609375 0.19189453125 0.6181640625 0.205078125 0.6435546875 0.2138671875 0.7021484375 0.2255859375
5 0.24609375 0.29443359375 0.2734375 0.22119140625 0.302734375 0.17724609375 0.2412109375 0.158203125 0.23828125 0.14208984375 0.2421875 0.12158203125 0.2490234375 0.111328125 0.2568359375 0.111328125 0.3251953125 0.134765625 0.330078125 0.12744140625 0.328125 0.10107421875 0.3203125 0.08642578125 0.2841796875 0.0322265625 0.2744140625 0.0263671875 0.2451171875 0.0263671875 0.208984375 0.07470703125 0.19921875 0.10107421875 0.1953125 0.13623046875 0.181640625 0.15673828125 0.173828125 0.18603515625 0.1748046875 0.19921875 0.1806640625 0.19921875 0.181640625 0.18896484375 0.185546875 0.18896484375 0.185546875 0.20068359375 0.181640625 0.20068359375 0.185546875 0.21826171875 0.1748046875 0.216796875 0.1708984375 0.205078125 0.166015625 0.23583984375 0.154296875 0.25634765625 0.1611328125 0.263671875 0.1630859375 0.251953125 0.1767578125 0.251953125 0.185546875 0.26513671875 0.1806640625 0.26953125 0.1748046875 0.2607421875 0.1728515625 0.2724609375 0.1904296875 0.28125 0.1962890625 0.2783203125 0.2060546875 0.2900390625