9 0.75390625 0.995742518071227 0.7578125 0.9905360212447109 0.7578125 0.9723132823519041 0.74609375 0.7848793965973202 0.7421875 0.7718631545310296 0.7421875 0.7041786957863188 0.783203125 0.6729397148272215 0.80078125 0.6417007338681241 0.8046875 0.6182714981488011 0.8046875 0.5401740457510579 0.798828125 0.4881090774858956 0.779296875 0.3891856377820874 0.7626953125 0.3592482810296192 0.7451171875 0.3436287905500705 0.7099609375 0.32800930007052187 0.6962890625 0.33061254848377997 0.6728515625 0.34623203896332866 0.6611328125 0.3644547778561354 0.6494140625 0.37226452309590974 0.6318359375 0.37226452309590974 0.5888671875 0.35664503261636105 0.5595703125 0.37747101992242593 0.54296875 0.4074083766748942 0.53125 0.4542668481135402 0.5302734375 0.4946171985190409 0.515625 0.4646798417665726 0.515625 0.4542668481135402 0.5 0.41521812191466856 0.4716796875 0.3826775167489422 0.4560546875 0.37486777150916784 0.4501953125 0.3644547778561354 0.4365234375 0.36966127468265164 0.4248046875 0.3852807651622003 0.4013671875 0.3852807651622003 0.3505859375 0.35664503261636105 0.3427734375 0.35664503261636105 0.279296875 0.4100116250881523 0.263671875 0.44125060604724964 0.22265625 0.5766195235366713 0.216796875 0.6104617529090268 0.216796875 0.6703364664139634 0.2275390625 0.6950673263399154 0.2490234375 0.710686816819464 0.2666015625 0.734116052538787 0.2890625 0.7406241735719323 0.291015625 0.8135151291431594 0.287109375 0.9072320720204513 0.2890625 0.9358678045662906 0.2998046875 0.9684084097320169 0.3173828125 0.9684084097320169 0.3544921875 0.9970441422778561 0.4833984375 0.9970441422778561 0.48828125 0.9619002886988717 0.482421875 0.7276079315056417 0.4892578125 0.7210998104724965 0.5126953125 0.7158933136459803 0.5205078125 0.7080835684062059 0.53515625 0.685955956893512 0.5400390625 0.6560186001410437 0.548828125 0.6911624537200282 0.564453125 0.709385192612835 0.560546875 0.7874826450105783 0.54296875 0.9436775498060649 0.54296875 0.993139269657969 0.5478515625 0.9970441422778561
1 0.474609375 0.6599234727609309 0.4921875 0.6078585044957687 0.4921875 0.5792227719499294 0.478515625 0.5557935362306065 0.4765625 0.5375707973377997 0.4697265625 0.5362691731311706 0.4638671875 0.5466821667842031 0.44921875 0.5505870394040903 0.455078125 0.568809778296897 0.451171875 0.6312877402150917 0.455078125 0.6443039822813822 0.4677734375 0.6612250969675599
1 0.712890625 0.6573202243476728 0.724609375 0.639097485454866 0.7265625 0.615668249735543 0.7109375 0.5714130267101551 0.7109375 0.5453805425775741 0.7021484375 0.544078918370945 0.6943359375 0.5570951604372355 0.6767578125 0.544078918370945 0.67578125 0.5479837909908322 0.685546875 0.5557935362306065 0.68359375 0.566206529883639 0.6875 0.5818260203631875 0.673828125 0.6052552560825106 0.673828125 0.6364942370416079 0.6865234375 0.6560186001410437
1 0.6015625 0.6651299695874471 0.6201171875 0.6534153517277856 0.626953125 0.6364942370416079 0.626953125 0.6104617529090268 0.607421875 0.5766195235366713 0.615234375 0.5479837909908322 0.6123046875 0.5388724215444288 0.6044921875 0.5414756699576869 0.5947265625 0.5596984088504936 0.5830078125 0.5466821667842031 0.576171875 0.5505870394040903 0.580078125 0.5714130267101551 0.576171875 0.6443039822813822 0.5888671875 0.663828345380818
1 0.3046875 0.6677332180007052 0.31640625 0.6599234727609309 0.3359375 0.6234779949753173 0.330078125 0.5714130267101551 0.333984375 0.5505870394040903 0.3251953125 0.5466821667842031 0.3193359375 0.5336659247179125 0.3125 0.5349675489245416 0.30859375 0.5505870394040903 0.2890625 0.5740162751234132 0.28515625 0.5870325171897038 0.28515625 0.6443039822813822 0.2919921875 0.6612250969675599
3 0.609375 0.23559398139985896 0.6240234375 0.2290858603667137 0.6357421875 0.21346636988716503 0.6455078125 0.21346636988716503 0.6748046875 0.2290858603667137 0.677734375 0.1965452552009873 0.6728515625 0.18743388575458392 0.6611328125 0.1822273889280677 0.6533203125 0.16660789844851903 0.6162109375 0.17181439527503525 0.599609375 0.1939420067877292 0.599609375 0.22257773933356842 0.60546875 0.23559398139985896
3 0.435546875 0.2512134718794076 0.439453125 0.23819722981311706 0.439453125 0.1991485036142454 0.4345703125 0.18483063734132582 0.3974609375 0.16660789844851903 0.3779296875 0.16660789844851903 0.361328125 0.17832251630818052 0.357421875 0.20695824885401976 0.3603515625 0.236895605606488 0.4033203125 0.22387936354019747 0.4306640625 0.25251509608603667
7 0.6484375 0.3136914337976023 0.6533203125 0.3123898095909732 0.673828125 0.2798492044252468 0.67578125 0.23299073298660083 0.6669921875 0.22387936354019747 0.6376953125 0.21346636988716503 0.607421875 0.24080047822637518 0.607421875 0.26162646553244007 0.6298828125 0.3097865611777151
7 0.40625 0.3267076758638928 0.4296875 0.30327844014456984 0.435546875 0.2746427075987306 0.43359375 0.2538167202926657 0.4091796875 0.2290858603667137 0.3837890625 0.2290858603667137 0.3623046875 0.236895605606488 0.359375 0.24080047822637518 0.361328125 0.2928654464915374 0.3818359375 0.3228028032440056 0.3896484375 0.32800930007052187
7 0.357421875 0.1444802869358251 0.359375 0.13146404486953456 0.3701171875 0.12495592383638927 0.4072265625 0.12495592383638927 0.4267578125 0.13536891748942173 0.43359375 0.13406729328279265 0.4267578125 0.10673318494358251 0.3857421875 0.09632019129055007 0.36328125 0.11063805756346967 0.35546875 0.12886079645627643
7 0.640625 0.3683596504760226 0.6533203125 0.3670580262693935 0.65625 0.36054990523624825 0.662109375 0.33972391793018336 0.65625 0.3293109242771509 0.658203125 0.3136914337976023 0.6279296875 0.3123898095909732 0.6201171875 0.29156382228490835 0.609375 0.29026219807827924 0.607421875 0.23299073298660083 0.6015625 0.22518098774682652 0.599609375 0.1913387583744711 0.6123046875 0.17181439527503525 0.6240234375 0.16660789844851903 0.6552734375 0.16660789844851903 0.6650390625 0.17441764368829338 0.677734375 0.1965452552009873 0.677734375 0.2486102234661495 0.6826171875 0.25251509608603667 0.689453125 0.2486102234661495 0.693359375 0.20435500044076163 0.685546875 0.17832251630818052 0.685546875 0.13927379010930888 0.67578125 0.1158445543899859 0.6611328125 0.1041299365303244 0.6455078125 0.10933643335684062 0.6337890625 0.10673318494358251 0.6025390625 0.1301624206629055 0.591796875 0.14968678376234132 0.58984375 0.17311601948166433 0.587890625 0.26422971394569816 0.591796875 0.2928654464915374 0.587890625 0.34232716634344146 0.5927734375 0.35143853578984485 0.6142578125 0.35143853578984485 0.6318359375 0.3670580262693935
5 0.341796875 0.2173712425070522 0.34375 0.18873550996121297 0.33984375 0.18352901313469674 0.3515625 0.1679095226551481 0.35546875 0.141877038522567 0.3642578125 0.12755917224964738 0.3896484375 0.12235267542313118 0.4326171875 0.1327656690761636 0.427734375 0.10803480915021156 0.4013671875 0.09632019129055007 0.3837890625 0.09632019129055007 0.3720703125 0.10673318494358251 0.3642578125 0.10673318494358251 0.345703125 0.13927379010930888 0.34375 0.1627030258286319 0.3349609375 0.1561949047954866 0.326171875 0.16009977741537376 0.33203125 0.21216474568053598 0.3369140625 0.21867286671368125
5 0.595703125 0.2798492044252468 0.599609375 0.2746427075987306 0.595703125 0.26422971394569816 0.60546875 0.23559398139985896 0.595703125 0.22518098774682652 0.59375 0.1991485036142454 0.6044921875 0.17702089210155147 0.6220703125 0.16660789844851903 0.6533203125 0.16400465003526093 0.6669921875 0.16921114686177716 0.677734375 0.1939420067877292 0.6796875 0.2460069750528914 0.6826171875 0.24991184767277855 0.689453125 0.2460069750528914 0.693359375 0.20435500044076163 0.685546875 0.18092576472143865 0.685546875 0.13927379010930888 0.6708984375 0.10933643335684062 0.6611328125 0.1041299365303244 0.6455078125 0.10933643335684062 0.6318359375 0.10673318494358251 0.6025390625 0.1301624206629055 0.59375 0.1444802869358251 0.587890625 0.26422971394569816 0.591796875 0.2798492044252468