9 0.47265625 0.29150390625 0.4765625 0.03955078125 0.4169921875 0 0.0458984375 0 0.0390625 0.08642578125 0 0.08935546875 0.0048828125 0.19921875
9 0.66015625 0.99755859375 0.673828125 0.98876953125 0.6796875 0.96240234375 0.673828125 0.87744140625 0.677734375 0.81298828125 0.69140625 0.76904296875 0.6875 0.66357421875 0.7041015625 0.6123046875 0.7314453125 0.6123046875 0.75 0.58447265625 0.75 0.51416015625 0.736328125 0.51123046875 0.734375 0.48193359375 0.7021484375 0.4072265625 0.6474609375 0.3544921875 0.6201171875 0.3515625 0.5947265625 0.38671875 0.5732421875 0.3720703125 0.5244140625 0.4189453125 0.478515625 0.49658203125 0.482421875 0.51416015625 0.46875 0.55517578125 0.4951171875 0.568359375 0.5322265625 0.556640625 0.53515625 0.57275390625 0.5390625 0.66357421875 0.521484375 0.76318359375 0.525390625 0.99169921875 0.5771484375 0.99609375 0.5947265625 0.919921875 0.6025390625 0.99609375
9 0.912109375 0.99755859375 0.9619140625 0.9873046875 1 0.99462890625 1 0.47607421875 0.9921875 0.48486328125 1 0.46728515625 1 0.41748046875 0.9501953125 0.33984375 0.8974609375 0.3779296875 0.8662109375 0.3662109375 0.8115234375 0.427734375 0.794921875 0.47021484375 0.78125 0.58740234375 0.779296875 0.76611328125 0.791015625 0.77490234375 0.79296875 0.83349609375 0.779296875 0.88037109375 0.779296875 0.99169921875 0.8623046875 0.99609375 0.8818359375 0.9345703125 0.88671875 0.99462890625
7 0.599609375 0.37939453125 0.625 0.34423828125 0.625 0.32373046875 0.5908203125 0.3076171875 0.57421875 0.32080078125 0.57421875 0.34716796875 0.5810546875 0.375
7 0.89453125 0.37646484375 0.921875 0.34716796875 0.9189453125 0.2958984375 0.861328125 0.30908203125 0.869140625 0.36474609375
1 0.7890625 0.81591796875 0.796875 0.69580078125 0.7861328125 0.6826171875 0.76953125 0.79541015625
1 0.46875 0.54052734375 0.482421875 0.53173828125 0.484375 0.50244140625 0.4658203125 0.4921875 0.4423828125 0.439453125 0.4404296875 0.4658203125 0.4189453125 0.451171875 0.431640625 0.49658203125
1 0.703125 0.56396484375 0.7158203125 0.5625 0.71875 0.54931640625 0.6982421875 0.46875 0.6787109375 0.486328125 0.6572265625 0.4775390625 0.64453125 0.48779296875 0.640625 0.50830078125 0.6591796875 0.5361328125 0.6884765625 0.5654296875
1 1 0.87158203125 1 0.73095703125 0.9482421875 0.7294921875 0.931640625 0.71630859375 0.9609375 0.71044921875 0.96875 0.64599609375 0.8603515625 0.64453125 0.8525390625 0.6298828125 0.83203125 0.67529296875 0.837890625 0.71923828125 0.859375 0.72802734375 0.8837890625 0.791015625 0.9501953125 0.802734375 0.962890625 0.81298828125 0.9697265625 0.8525390625
5 0.66015625 0.28857421875 0.6279296875 0.19921875 0.6103515625 0.1904296875 0.595703125 0.20361328125 0.5888671875 0.240234375 0.6162109375 0.2431640625 0.6455078125 0.287109375
5 0.857421875 0.28564453125 0.8837890625 0.2607421875 0.9208984375 0.28125 0.9384765625 0.2783203125 0.943359375 0.26220703125 0.9189453125 0.205078125 0.8876953125 0.2021484375 0.853515625 0.25048828125 0.849609375 0.27392578125