9 0.572265625 0.9189675071022727 0.580078125 0.9131969105113636 0.58203125 0.8843439275568182 0.59765625 0.8468350497159091 0.595703125 0.8035555752840909 0.6025390625 0.7472922585227273 0.615234375 0.7977849786931818 0.609375 0.8612615411931818 0.6171875 0.8872292258522727 0.6279296875 0.9002130681818182 0.671875 0.8872292258522727 0.673828125 0.8670321377840909 0.66796875 0.8381791548295454 0.67578125 0.8064408735795454 0.67578125 0.777587890625 0.666015625 0.7256525213068182 0.677734375 0.5698464133522727 0.66015625 0.4544344815340909 0.669921875 0.4659756747159091 0.6787109375 0.5078125 0.6904296875 0.4962713068181818 0.7021484375 0.4962713068181818 0.7158203125 0.5106977982954546 0.720703125 0.4861727627840909 0.71484375 0.4486638849431818 0.697265625 0.40538441051136365 0.69921875 0.36787553267045453 0.6875 0.33036665482954547 0.6552734375 0.28564453125 0.6123046875 0.26256214488636365 0.5908203125 0.2798739346590909 0.5712890625 0.2683327414772727 0.5771484375 0.28852982954545453 0.5673828125 0.2798739346590909 0.5400390625 0.3000710227272727 0.53125 0.3159401633522727 0.515625 0.396728515625 0.51953125 0.4457785866477273 0.51171875 0.4659756747159091 0.5078125 0.5438787286931818 0.5146484375 0.5539772727272727 0.537109375 0.5583052201704546 0.53125 0.5958140980113636 0.537109375 0.7256525213068182 0.52734375 0.7631613991477273 0.533203125 0.8266379616477273 0.529296875 0.8929998224431818
7 0.59765625 0.27266068892045453 0.609375 0.24957830255681818 0.609375 0.2322665127840909 0.5869140625 0.21928267045454544 0.572265625 0.238037109375 0.572265625 0.2524636008522727 0.5791015625 0.2712180397727273
1 0.529296875 0.618896484375 0.53515625 0.5583052201704546 0.5126953125 0.5539772727272727 0.513671875 0.5958140980113636
1 0.703125 0.5698464133522727 0.712890625 0.5467640269886364 0.7109375 0.5150257457386364 0.7021484375 0.4962713068181818 0.6884765625 0.4962713068181818 0.681640625 0.5121404474431818 0.681640625 0.5409934303977273 0.6943359375 0.5712890625
9 0.15625 0.936279296875 0.1708984375 0.9290660511363636 0.1806640625 0.9002130681818182 0.2080078125 0.9030983664772727 0.220703125 0.8872292258522727 0.21484375 0.7371937144886364 0.220703125 0.7112260298295454 0.220703125 0.6073552911931818 0.236328125 0.491943359375 0.2470703125 0.5424360795454546 0.2744140625 0.5424360795454546 0.279296875 0.5323375355113636 0.267578125 0.38807262073863635 0.25 0.2870871803977273 0.2275390625 0.24525035511363635 0.2001953125 0.23082386363636365 0.1787109375 0.20197088068181818 0.166015625 0.21495472301136365 0.162109375 0.2842018821022727 0.15234375 0.30439897017045453 0.15234375 0.33613725142045453 0.1455078125 0.3606622869318182 0.13671875 0.29862837357954547 0.123046875 0.2842018821022727 0.123046875 0.2582341974431818 0.13671875 0.2524636008522727 0.1220703125 0.21928267045454544 0.0673828125 0.25390625 0.048828125 0.2870871803977273 0.0498046875 0.3000710227272727 0.0673828125 0.2971857244318182 0.076171875 0.30439897017045453 0.072265625 0.37364612926136365 0.083984375 0.5121404474431818 0.08203125 0.5583052201704546 0.08984375 0.5900435014204546 0.091796875 0.6564053622159091 0.109375 0.7545055042613636 0.125 0.9103116122159091 0.1357421875 0.9377219460227273
1 0.05859375 0.3476784446022727 0.0712890625 0.3433504971590909 0.076171875 0.32459605823863635 0.076171875 0.30439897017045453 0.0654296875 0.29430042613636365 0.0537109375 0.29430042613636365 0.044921875 0.3072842684659091 0.046875 0.333251953125
1 0.2578125 0.6217817826704546 0.271484375 0.5842729048295454 0.2685546875 0.53955078125 0.2509765625 0.5424360795454546 0.2421875 0.5756170099431818 0.2421875 0.6044699928977273 0.248046875 0.6073552911931818 0.2509765625 0.6232244318181818
7 0.15234375 0.2322665127840909 0.16796875 0.2005282315340909 0.1494140625 0.17311789772727273 0.1318359375 0.17023259943181818 0.119140625 0.20341352982954544 0.1318359375 0.23082386363636365
5 0.576171875 0.2957430752840909 0.578125 0.269775390625 0.56640625 0.22072531960227273 0.5712890625 0.21351207386363635 0.6064453125 0.20774147727272727 0.609375 0.2640047940340909 0.6162109375 0.2741033380681818 0.625 0.26689009232954547 0.623046875 0.20341352982954544 0.611328125 0.174560546875 0.5927734375 0.15003551136363635 0.5771484375 0.15003551136363635 0.568359375 0.16301935369318182 0.5546875 0.20918412642045456 0.556640625 0.2582341974431818 0.568359375 0.29285777698863635
5 0.177734375 0.19764293323863635 0.181640625 0.1485928622159091 0.173828125 0.11396928267045454 0.1513671875 0.09810014204545454 0.1279296875 0.10964133522727272 0.111328125 0.1485928622159091 0.115234375 0.17744584517045456 0.1240234375 0.15003551136363635 0.1611328125 0.14137961647727273 0.169921875 0.19764293323863635
7 0.484375 0.2438077059659091 0.494140625 0.2322665127840909 0.494140625 0.20918412642045456 0.4755859375 0.19331498579545456 0.4658203125 0.19908558238636365 0.4609375 0.206298828125 0.462890625 0.2322665127840909 0.4716796875 0.24525035511363635
9 0.45703125 0.5352228338068182 0.4814453125 0.5337801846590909 0.5078125 0.5179110440340909 0.509765625 0.46886097301136365 0.51953125 0.43712269176136365 0.517578125 0.3707608309659091 0.529296875 0.3159401633522727 0.544921875 0.2899724786931818 0.5390625 0.2582341974431818 0.5185546875 0.23947975852272727 0.498046875 0.238037109375 0.48828125 0.2957430752840909 0.4794921875 0.3173828125 0.470703125 0.2813165838068182 0.48046875 0.26689009232954547 0.4619140625 0.23659446022727273 0.4326171875 0.25679154829545453 0.392578125 0.396728515625 0.3828125 0.45731977982954547 0.4013671875 0.4558771306818182 0.4130859375 0.4645330255681818 0.4326171875 0.41548295454545453 0.44140625 0.5294522372159091
8 0.494140625 0.7343084161931818 0.521484375 0.7256525213068182 0.5234375 0.6333229758522727 0.509765625 0.5785023082386364 0.5048828125 0.5222389914772727 0.451171875 0.5381081321022727 0.4609375 0.5986993963068182 0.46875 0.7198819247159091 0.4736328125 0.72998046875
4 0.501953125 0.19475763494318182 0.50390625 0.17167524857954544 0.4892578125 0.15580610795454544 0.4775390625 0.1529208096590909 0.458984375 0.1687899502840909 0.4599609375 0.1846590909090909 0.4677734375 0.17311789772727273 0.4873046875 0.17311789772727273 0.49609375 0.19475763494318182
1 0.40625 0.5092551491477273 0.412109375 0.46886097301136365 0.4052734375 0.4587624289772727 0.3935546875 0.4587624289772727 0.38671875 0.46886097301136365 0.388671875 0.48905806107954547 0.3994140625 0.5106977982954546