7 0.3828125 0.19317072088068182 0.396484375 0.17066539417613635 0.3984375 0.12940562855113635 0.3779296875 0.11627752130681818 0.3505859375 0.1275301846590909 0.349609375 0.1444091796875 0.357421875 0.17441628196022727 0.3720703125 0.19504616477272727
7 0.603515625 0.21192515980113635 0.6171875 0.1819180575284091 0.623046875 0.1481600674715909 0.6064453125 0.13878284801136365 0.5751953125 0.13878284801136365 0.5703125 0.15191095525568182 0.572265625 0.1819180575284091 0.5908203125 0.21380060369318182
7 0.890625 0.2569358132102273 0.904296875 0.24568314985795456 0.900390625 0.21192515980113635 0.9140625 0.19317072088068182 0.9072265625 0.15003551136363635 0.88671875 0.17066539417613635 0.873046875 0.21942693536931818 0.876953125 0.24568314985795456 0.8837890625 0.2588112571022727
7 0.203125 0.3056973544034091 0.2177734375 0.2963201349431818 0.23828125 0.25318492542613635 0.240234375 0.23443048650568182 0.2353515625 0.22505326704545456 0.171875 0.2269287109375 0.171875 0.24568314985795456 0.181640625 0.2794411399147727
2 0.220703125 0.2269287109375 0.2294921875 0.22505326704545456 0.232421875 0.21567604758522727 0.228515625 0.1894198330965909 0.2158203125 0.18004261363636365 0.1904296875 0.17629172585227273 0.17578125 0.20817427201704544 0.17578125 0.21942693536931818 0.1826171875 0.22505326704545456
2 0.3984375 0.12190385298295454 0.3984375 0.09189675071022728 0.3935546875 0.08251953125 0.3603515625 0.08251953125 0.353515625 0.09564763849431818 0.3564453125 0.123779296875 0.3701171875 0.12002840909090909 0.3779296875 0.10502485795454546 0.3876953125 0.123779296875
1 0.58203125 0.44823109019886365 0.5927734375 0.43510298295454547 0.6201171875 0.43135209517045453 0.630859375 0.4032204367897727 0.634765625 0.36946244673295453 0.6220703125 0.35258345170454547 0.6025390625 0.3638361150568182 0.5869140625 0.39009232954545453 0.5732421875 0.39384321732954547 0.572265625 0.4407293146306818
1 0.314453125 0.9921098188920454 0.33203125 0.9508500532670454 0.333984375 0.9058393998579546 0.318359375 0.8645796342329546 0.31640625 0.8083163174715909 0.3056640625 0.7951882102272727 0.2939453125 0.7951882102272727 0.291015625 0.9470991654829546 0.3056640625 0.9414728338068182 0.310546875 0.9546009410511364 0.30859375 0.9921098188920454
1 0.080078125 0.9771062677556818 0.076171875 0.9208429509943182 0.0810546875 0.9002130681818182 0.083984375 0.9320956143465909 0.09375 0.9320956143465909 0.09375 0.8758322975852273 0.087890625 0.8420743075284091 0.08984375 0.8008145419034091 0.0732421875 0.7914373224431818 0.0625 0.8045654296875 0.0546875 0.9245938387784091 0.0625 0.9583518288352273 0.0751953125 0.9789817116477273
1 0.44140625 0.5119961825284091 0.451171875 0.49324174360795453 0.455078125 0.4707364169034091 0.4482421875 0.453857421875 0.4306640625 0.4501065340909091 0.41796875 0.48949085582386365 0.4306640625 0.4913662997159091
1 0.728515625 0.9958607066761364 0.720703125 0.9546009410511364 0.708984375 0.9283447265625 0.708984375 0.8720814098011364 0.6748046875 0.8702059659090909 0.673828125 0.9958607066761364
1 0.951171875 0.7783092151988636 0.96875 0.7670565518465909 0.9560546875 0.7351740056818182 0.9736328125 0.7576793323863636 0.98046875 0.7520530007102273 0.986328125 0.7257967862215909 0.9833984375 0.701416015625 0.9736328125 0.7164195667613636 0.9541015625 0.7164195667613636 0.9521484375 0.7314231178977273 0.9296875 0.7295476740056818 0.935546875 0.7595547762784091
9 0.265625 0.9958607066761364 0.2734375 0.9846080433238636 0.283203125 0.7970636541193182 0.2861328125 0.7914373224431818 0.3115234375 0.7989390980113636 0.318359375 0.8120672052556818 0.3212890625 0.8364479758522727 0.3359375 0.8158180930397727 0.337890625 0.7970636541193182 0.3359375 0.7670565518465909 0.328125 0.7483021129261364 0.326171875 0.6657825816761364 0.318359375 0.6432772549715909 0.3125 0.5982666015625 0.310546875 0.5570068359375 0.318359375 0.5082452947443182 0.31640625 0.4257257634943182 0.30859375 0.3957186612215909 0.2939453125 0.3675870028409091 0.2392578125 0.2963201349431818 0.1962890625 0.30757279829545453 0.1748046875 0.27006392045454547 0.1591796875 0.3000710227272727 0.1279296875 0.3188254616477273 0.103515625 0.3544588955965909 0.09375 0.3807151100852273 0.080078125 0.44823109019886365 0.078125 0.4857399680397727 0.064453125 0.5345015092329546 0.06640625 0.6245228160511364 0.05859375 0.7220458984375 0.05078125 0.7558038884943182 0.0595703125 0.7876864346590909 0.0654296875 0.7801846590909091 0.0849609375 0.7801846590909091 0.091796875 0.7895618785511364 0.09375 0.9320956143465909 0.083984375 0.9433482776988636 0.080078125 0.9921098188920454
9 0.3671875 0.9958607066761364 0.4189453125 0.9939852627840909 0.421875 0.9846080433238636 0.421875 0.9208429509943182 0.4375 0.8345725319602273 0.4375 0.7745583274147727 0.4453125 0.7257967862215909 0.4453125 0.5757612748579546 0.4404296875 0.5438787286931818 0.4287109375 0.5588822798295454 0.4169921875 0.5588822798295454 0.408203125 0.5420032848011364 0.41796875 0.4819890802556818 0.423828125 0.4707364169034091 0.427734375 0.3882168856534091 0.435546875 0.33570445667613635 0.4521484375 0.3338290127840909 0.45703125 0.3432062322443182 0.46484375 0.4032204367897727 0.451171875 0.45573286576704547 0.455078125 0.4819890802556818 0.443359375 0.5082452947443182 0.4423828125 0.5326260653409091 0.4521484375 0.5326260653409091 0.46875 0.4819890802556818 0.46875 0.4369784268465909 0.474609375 0.41822398792613635 0.48046875 0.3469571200284091 0.466796875 0.2644375887784091 0.4443359375 0.21380060369318182 0.4072265625 0.18004261363636365 0.3974609375 0.19504616477272727 0.3701171875 0.19504616477272727 0.3466796875 0.17254083806818182 0.3154296875 0.19504616477272727 0.294921875 0.2269287109375 0.28125 0.2681884765625 0.26953125 0.32820268110795453 0.2900390625 0.35633433948863635 0.318359375 0.4219748757102273 0.322265625 0.5119961825284091 0.314453125 0.5420032848011364 0.314453125 0.5907648259943182 0.318359375 0.6357754794034091 0.328125 0.6620316938920454 0.333984375 0.7295476740056818 0.3427734375 0.7539284446022727 0.3720703125 0.7501775568181818 0.375 0.7595547762784091 0.36328125 0.8720814098011364 0.3564453125 0.8927112926136364 0.3505859375 0.8852095170454546 0.345703125 0.8945867365056818 0.359375 0.9020885120738636 0.359375 0.9245938387784091 0.3447265625 0.9264692826704546 0.3388671875 0.9039639559659091 0.337890625 0.9358465021306818 0.33203125 0.9546009410511364 0.3369140625 0.9639781605113636 0.3408203125 0.9527254971590909 0.3564453125 0.9452237215909091 0.35546875 0.9846080433238636
9 0.6484375 0.9921098188920454 0.654296875 0.9883589311079546 0.65625 0.9283447265625 0.662109375 0.9245938387784091 0.662109375 0.8908358487215909 0.658203125 0.8908358487215909 0.662109375 0.8720814098011364 0.658203125 0.8683305220170454 0.65625 0.8420743075284091 0.65625 0.6882879083806818 0.646484375 0.6282737038352273 0.646484375 0.5795121626420454 0.654296875 0.5382523970170454 0.6484375 0.4407293146306818 0.6640625 0.40697132457386365 0.6484375 0.3619606711647727 0.646484375 0.2606867009943182 0.6396484375 0.24005681818181818 0.6162109375 0.206298828125 0.5966796875 0.22505326704545456 0.5810546875 0.21755149147727273 0.5751953125 0.22505326704545456 0.5615234375 0.21380060369318182 0.5439453125 0.18004261363636365 0.5224609375 0.2025479403409091 0.490234375 0.2644375887784091 0.484375 0.29069380326704547 0.484375 0.3469571200284091 0.4765625 0.41822398792613635 0.4765625 0.4369784268465909 0.484375 0.4632346413352273 0.5078125 0.49699263139204547 0.50390625 0.5795121626420454 0.513671875 0.6957896839488636 0.513671875 0.7820601029829546 0.53125 0.8533269708806818 0.53125 0.9658536044034091 0.52734375 0.9846080433238636 0.5341796875 0.9939852627840909 0.5888671875 0.990234375 0.591796875 0.9771062677556818 0.5849609375 0.9827325994318182 0.583984375 0.9733553799715909 0.591796875 0.8795831853693182 0.6005859375 0.8589533025568182 0.603515625 0.9883589311079546
9 0.9453125 0.9958607066761364 0.94921875 0.9846080433238636 0.947265625 0.9433482776988636 0.939453125 0.9283447265625 0.9296875 0.8570778586647727 0.931640625 0.8345725319602273 0.91796875 0.7633056640625 0.921875 0.7295476740056818 0.90625 0.6845370205965909 0.9169921875 0.6451526988636364 0.9287109375 0.6451526988636364 0.9423828125 0.6226473721590909 0.9814453125 0.6376509232954546 0.982421875 0.6657825816761364 0.9912109375 0.6751598011363636 0.9921875 0.6320245916193182 0.978515625 0.5495050603693182 0.96875 0.5307506214488636 0.947265625 0.45573286576704547 0.921875 0.3207009055397727 0.8994140625 0.2813165838068182 0.8935546875 0.2963201349431818 0.8798828125 0.30382191051136365 0.857421875 0.28694291548295453 0.85546875 0.24568314985795456 0.86328125 0.23443048650568182 0.8623046875 0.22130237926136365 0.8544921875 0.22880415482954544 0.8212890625 0.22880415482954544 0.8134765625 0.21755149147727273 0.8115234375 0.24005681818181818 0.84375 0.24193226207386365 0.8388671875 0.2550603693181818 0.8232421875 0.2588112571022727 0.7890625 0.24943403764204544 0.7958984375 0.24755859375 0.7978515625 0.23630593039772727 0.7841796875 0.23630593039772727 0.7763671875 0.24755859375 0.7705078125 0.24005681818181818 0.7529296875 0.27006392045454547 0.7080078125 0.31507457386363635 0.697265625 0.33570445667613635 0.685546875 0.3844659978693182 0.677734375 0.49324174360795453 0.66015625 0.6057683771306818 0.666015625 0.6657825816761364 0.66015625 0.7032914595170454 0.66015625 0.8195689808238636 0.6640625 0.8458251953125 0.6806640625 0.8739568536931818 0.7021484375 0.8739568536931818 0.7109375 0.8608287464488636 0.720703125 0.8120672052556818 0.72265625 0.6432772549715909 0.7373046875 0.6263982599431818 0.7421875 0.6395263671875 0.7421875 0.6657825816761364 0.734375 0.7032914595170454 0.732421875 0.8533269708806818 0.7265625 0.9170920632102273 0.7265625 0.9771062677556818 0.7314453125 0.9939852627840909
5 0.244140625 0.24943403764204544 0.255859375 0.21942693536931818 0.244140625 0.10690030184659091 0.2177734375 0.06376509232954546 0.1943359375 0.060014204545454544 0.1796875 0.08439497514204546 0.171875 0.11440207741477272 0.162109375 0.17816716974431818 0.166015625 0.20817427201704544 0.16015625 0.21192515980113635 0.16015625 0.2231778231534091 0.1708984375 0.2438077059659091 0.1796875 0.1894198330965909 0.1962890625 0.1650390625 0.2099609375 0.1650390625 0.236328125 0.1894198330965909 0.23046875 0.20067249644886365 0.232421875 0.2269287109375
5 0.39453125 0.19692160866477273 0.408203125 0.1819180575284091 0.408203125 0.0618896484375 0.40234375 0.03563343394886364 0.3896484375 0.011252663352272728 0.3798828125 0 0.3642578125 0 0.34375 0.04688609730113636 0.341796875 0.16316361860795456 0.3544921875 0.18754438920454544 0.36328125 0.1856689453125 0.349609375 0.15191095525568182 0.34765625 0.13315651633522727 0.353515625 0.10690030184659091 0.34765625 0.09564763849431818 0.3701171875 0.06376509232954546 0.3837890625 0.06376509232954546 0.3984375 0.09189675071022728 0.3984375 0.16316361860795456 0.384765625 0.19317072088068182
5 0.578125 0.21942693536931818 0.5703125 0.1894198330965909 0.5703125 0.15191095525568182 0.5830078125 0.123779296875 0.6103515625 0.11252663352272728 0.625 0.13690740411931818 0.625 0.11065118963068182 0.615234375 0.0618896484375 0.6005859375 0.030007102272727272 0.5869140625 0.018754438920454544 0.560546875 0.05063698508522727 0.552734375 0.11065118963068182 0.5390625 0.15566184303977273 0.5400390625 0.18379350142045456 0.5458984375 0.17629172585227273 0.5634765625 0.21755149147727273
5 0.822265625 0.2606867009943182 0.8544921875 0.2550603693181818 0.8642578125 0.22880415482954544 0.8720703125 0.22505326704545456 0.884765625 0.17066539417613635 0.890625 0.16691450639204544 0.896484375 0.1444091796875 0.90234375 0.10690030184659091 0.896484375 0.0618896484375 0.8818359375 0.030007102272727272 0.8408203125 0 0.8251953125 0.003750887784090909 0.794921875 0.043135209517045456 0.794921875 0.11440207741477272 0.787109375 0.12565474076704544 0.791015625 0.15941273082386365 0.787109375 0.1894198330965909 0.802734375 0.20817427201704544 0.7861328125 0.206298828125 0.767578125 0.24568314985795456