7 0.6640625 0.4403675093632959 0.6845703125 0.430126404494382 0.71875 0.36429073033707865 0.69921875 0.358438670411985 0.6953125 0.2852879213483146 0.5869140625 0.28967696629213485 0.580078125 0.358438670411985 0.6015625 0.4081811797752809 0.6318359375 0.44183052434456926
7 0.4453125 0.20921114232209737 0.458984375 0.18580290262172286 0.4580078125 0.1580056179775281 0.4423828125 0.16093164794007492 0.4365234375 0.13752340823970038 0.39453125 0.15069054307116106 0.4150390625 0.1989700374531835
1 0.505859375 0.7944171348314607 0.515625 0.7154143258426966 0.494140625 0.6510416666666666 0.46875 0.6130032771535581 0.458984375 0.566186797752809 0.439453125 0.5544826779026217 0.4404296875 0.6144662921348315 0.3603515625 0.5296114232209738 0.3515625 0.5691128277153558 0.39453125 0.6481156367041199 0.390625 0.6685978464419475 0.4521484375 0.7198033707865169 0.4638671875 0.7753979400749064
1 0.65625 0.9085323033707865 0.68359375 0.8617158239700374 0.6787109375 0.8163623595505618 0.6201171875 0.78125 0.5947265625 0.7373595505617978 0.5537109375 0.7110252808988764 0.5263671875 0.7051732209737828 0.513671875 0.7241924157303371 0.505859375 0.7827130149812734 0.5205078125 0.8163623595505618 0.5615234375 0.8573267790262172
1 0.380859375 0.4959620786516854 0.416015625 0.46962780898876405 0.3818359375 0.41842228464419473 0.361328125 0.4462195692883895 0.369140625 0.49011001872659177
5 0.748046875 0.38184691011235955 0.794921875 0.3408824906367041 0.80859375 0.21213717228464418 0.7392578125 0.06729868913857678 0.6865234375 0.040964419475655434 0.6259765625 0.04974250936329588 0.576171875 0.12728230337078653 0.56640625 0.18287687265917604 0.5771484375 0.19019194756554308 0.5888671875 0.15215355805243447 0.6240234375 0.15215355805243447 0.7099609375 0.20774812734082396 0.7255859375 0.2311563670411985 0.7626953125 0.22530430711610486 0.763671875 0.26187968164794007 0.73828125 0.3174742509363296 0.740234375 0.3730688202247191
5 0.38671875 0.12143024344569288 0.4580078125 0.08485486891385768 0.4814453125 0.09363295880149813 0.4921875 0.05705758426966292 0.4501953125 0.014630149812734082 0.4091796875 0.0175561797752809 0.380859375 0.048279494382022475 0.37890625 0.1068000936329588
5 0.21484375 0.09509597378277154 0.2421875 0.07168773408239701 0.2353515625 0 0.1572265625 0 0.14453125 0.016093164794007492 0.1337890625 0.07900280898876405
9 0.88671875 0.996313202247191 0.9072265625 0.9889981273408239 0.921875 0.9641268726591761 0.923828125 0.8266034644194756 0.908203125 0.6071512172284644 0.8642578125 0.4974250936329588 0.7900390625 0.4506086142322097 0.7431640625 0.3920880149812734 0.6806640625 0.4476825842696629 0.6005859375 0.4272003745318352 0.5654296875 0.45646067415730335 0.5146484375 0.47401685393258425 0.4609375 0.5486306179775281 0.470703125 0.6130032771535581 0.5185546875 0.7110252808988764 0.5419921875 0.7051732209737828 0.5888671875 0.7315074906367042 0.6240234375 0.7841760299625468 0.6845703125 0.8192883895131086 0.6875 0.8383075842696629 0.68359375 0.8704939138576779 0.6591796875 0.9099953183520599 0.6337890625 0.9070692883895131 0.4658203125 0.78125 0.455078125 0.7680828651685393 0.4501953125 0.7256554307116105 0.4130859375 0.7080992509363296 0.40234375 0.756378745318352 0.404296875 0.9260884831460674 0.4384765625 0.9948501872659176
9 0.4296875 0.4754798689138577 0.5126953125 0.4447565543071161 0.5478515625 0.45353464419475653 0.5654296875 0.397940074906367 0.5791015625 0.43597846441947563 0.6015625 0.41988529962546817 0.578125 0.36136470037453183 0.580078125 0.3204002808988764 0.564453125 0.27358380149812733 0.576171875 0.2326193820224719 0.5185546875 0.16970973782771537 0.4619140625 0.20482209737827714 0.4111328125 0.20189606741573032 0.380859375 0.24724953183520598 0.3515625 0.36136470037453183 0.357421875 0.4462195692883895 0.3857421875 0.42134831460674155 0.412109375 0.45207162921348315 0.4150390625 0.47694288389513106
9 0.30859375 0.996313202247191 0.31640625 0.6393375468164794 0.306640625 0.5135182584269663 0.3388671875 0.49449906367041196 0.353515625 0.45499765917602997 0.328125 0.27943586142322097 0.3037109375 0.22237827715355804 0.2197265625 0.14630149812734083 0.1337890625 0.13752340823970038 0.1220703125 0.16093164794007492 0.044921875 0.22676732209737827 0 0.39647705992509363 0 0.6598197565543071 0.01171875 0.6744499063670412 0.013671875 0.7066362359550562 0 0.996313202247191
2 0.58203125 0.3057701310861423 0.5869140625 0.28967696629213485 0.7001953125 0.28675093632958804 0.736328125 0.23847144194756553 0.7236328125 0.2311563670411985 0.6103515625 0.26919475655430714 0.5888671875 0.2633426966292135 0.5771484375 0.24286048689138576 0.564453125 0.26187968164794007
2 0.412109375 0.14483848314606743 0.4453125 0.10094803370786516 0.38671875 0.1243562734082397 0.3994140625 0.14630149812734083