5 0.169921875 0.6020167983058609 0.16796875 0.5291502117673993 0.1875 0.45628362522893773 0.2373046875 0.36780277014652013 0.26171875 0.3452488266941392 0.263671875 0.27238224015567764 0.1884765625 0.12491414835164835 0.1298828125 0.10062528617216117 0.0810546875 0.13879349816849818 0.03125 0.21339500343406592 0.005859375 0.43199476304945056 0.015625 0.4840423248626374 0.0380859375 0.5204756181318682
5 0.30078125 0.42505508814102566 0.3515625 0.25156321543040294 0.357421875 0.17175695398351648 0.345703125 0.11970939217032966 0.3203125 0.06766183035714286 0.2919921875 0.045107886904761904 0.2353515625 0.07286658653846154 0.21484375 0.11276971726190477 0.20703125 0.16134744162087913 0.263671875 0.26544256524725274 0.263671875 0.4077059008699634
5 0.62890625 0.17175695398351648 0.650390625 0.10583004235347986 0.6298828125 0.07286658653846154 0.6083984375 0.07980626144688645 0.6142578125 0.062457074175824176 0.6279296875 0.055517399267399264 0.6611328125 0.10062528617216117 0.7041015625 0.076336423992674 0.7412109375 0.0832760989010989 0.7421875 0.008674593635531136 0.6044921875 0 0.5859375 0.14052841689560439
7 0.68359375 0.26544256524725274 0.716796875 0.22727435325091574 0.7333984375 0.12491414835164835 0.6552734375 0.11797447344322344 0.6484375 0.13011890453296704 0.646484375 0.17522679143772893 0.634765625 0.19604581616300365 0.6611328125 0.2532981341575092
7 0.22265625 0.6714135473901099 0.2509765625 0.6453897664835165 0.275390625 0.588137448489011 0.2724609375 0.47536773122710624 0.2294921875 0.48230740613553114 0.224609375 0.5603787488553114 0.2138671875 0.5759930173992674 0.173828125 0.5811977735805861 0.2109375 0.6714135473901099
7 0.333984375 0.44240427541208793 0.3671875 0.36953768887362637 0.3603515625 0.28105683379120877 0.341796875 0.31402028960622713 0.34765625 0.36259801396520147 0.314453125 0.3903567135989011 0.3203125 0.43199476304945056
2 0.24609375 0.4736328125 0.2578125 0.4632233001373626 0.26171875 0.4042360634157509 0.2587890625 0.3920916323260073 0.2294921875 0.3851519574175824 0.2109375 0.4146455757783883 0.2216796875 0.4476090315934066
2 0.728515625 0.1266490670787546 0.740234375 0.10583004235347986 0.740234375 0.08848085508241758 0.7294921875 0.076336423992674 0.6591796875 0.10062528617216117 0.6279296875 0.055517399267399264 0.609375 0.07113166781135531 0.6123046875 0.07980626144688645 0.6259765625 0.06592691163003662 0.6611328125 0.1214443108974359
9 0.482421875 0.7650991586538461 0.5361328125 0.7390753777472527 0.5654296875 0.7009071657509157 0.6064453125 0.6731484661172161 0.6201171875 0.603751717032967 0.640625 0.6124263106684982 0.6455078125 0.7009071657509157 0.6748046875 0.6731484661172161 0.7021484375 0.6974373282967034 0.7646484375 0.7113166781135531 0.7685546875 0.6592691163003663 0.806640625 0.6679437099358975 0.791015625 0.6332453353937729 0.83984375 0.5742580986721612 0.83984375 0.5430295615842491 0.80859375 0.3903567135989011 0.7470703125 0.19431089743589744 0.7294921875 0.18043154761904762 0.7060546875 0.2498282967032967 0.6767578125 0.27064732142857145 0.64453125 0.22727435325091574 0.6279296875 0.17349187271062272 0.5830078125 0.14573317307692307 0.48828125 0.25156321543040294 0.466796875 0.3070806146978022 0.458984375 0.36259801396520147 0.470703125 0.4666931375915751 0.470703125 0.6540643601190477 0.4609375 0.7373404590201466
9 0.453125 0.9941084306318682 0.51953125 0.8830736320970696 0.484375 0.7859181833791209 0.4580078125 0.7494848901098901 0.4248046875 0.7529547275641025 0.4033203125 0.7876531021062271 0.3701171875 0.7772435897435898 0.3349609375 0.8084721268315018 0.3154296875 0.7703039148351648 0.2607421875 0.7598944024725275 0.2236328125 0.718256353021978 0.1884765625 0.6176310668498168 0.1142578125 0.5864025297619048 0.0263671875 0.5170057806776557 0.0126953125 0.48924708104395603 0 0.49445183722527475 0.0009765625 0.9958433493589743
9 0.3203125 0.7650991586538461 0.30859375 0.43199476304945056 0.2646484375 0.4163804945054945 0.26171875 0.44934395032051283 0.27734375 0.4840423248626374 0.27734375 0.5846676110347986 0.2529296875 0.6453897664835165 0.2158203125 0.6766183035714286 0.21484375 0.6922325721153846 0.2587890625 0.756424565018315
1 0.52734375 0.8761339571886447 0.5517578125 0.8466403388278388 0.6181640625 0.8223514766483516 0.64453125 0.7512198088369964 0.642578125 0.7095817593864469 0.5966796875 0.6835579784798534 0.5341796875 0.7494848901098901 0.4833984375 0.7703039148351648 0.5 0.8310260702838828
1 0.859375 0.65753419757326 0.8828125 0.6297754979395604 0.8828125 0.6089564732142857 0.8486328125 0.572523179945055 0.8330078125 0.5794628548534798 0.802734375 0.626305660485348
1 0.67578125 0.7997975331959707 0.708984375 0.7512198088369964 0.708984375 0.7338706215659341 0.6982421875 0.6939674908424909 0.6708984375 0.6731484661172161 0.65625 0.6852928972069597 0.65234375 0.7095817593864469