7 0.5390625 0.2672116537846482 0.5703125 0.23071445229211088 0.57421875 0.20203807969083157 0.5673828125 0.19291377931769724 0.5595703125 0.20073460820895522 0.5400390625 0.19812766524520256 0.5263671875 0.1668443496801706 0.5126953125 0.19291377931769724 0.49609375 0.19682419376332622 0.49609375 0.21507279450959488 0.5244140625 0.26590818230277186
7 0.775390625 0.3584546575159915 0.798828125 0.34281299973347545 0.80078125 0.29328108342217485 0.7646484375 0.26330123933901917 0.7451171875 0.26851512526652455 0.732421875 0.2828533115671642 0.7421875 0.35063382862473347 0.7509765625 0.3597581289978678
1 0.2734375 0.2802463686034115 0.28125 0.2750324826759062 0.28125 0.24114222414712153 0.3125 0.21507279450959488 0.306640625 0.18118253598081024 0.2783203125 0.15902352078891258 0.2548828125 0.1668443496801706 0.2421875 0.19421725079957355 0.24609375 0.23853528118336886 0.2578125 0.2515699960021322 0.265625 0.2776394256396588
1 0.654296875 0.509657349413646 0.669921875 0.48098097681236673 0.6669921875 0.45882196162046907 0.5966796875 0.43014558901918976 0.5673828125 0.42232476012793174 0.548828125 0.42623517457356075 0.564453125 0.4418768323560768 0.5869140625 0.4953191631130064 0.6416015625 0.5005330490405118
1 0.431640625 0.6400044976012793 0.4658203125 0.630880197228145 0.478515625 0.6139350679637526 0.48046875 0.5930795242537313 0.4521484375 0.568313566098081 0.4208984375 0.5657066231343284 0.4091796875 0.544851079424307 0.3994140625 0.544851079424307 0.384765625 0.5748309235074627 0.3828125 0.595686467217484 0.375 0.6009003531449894 0.37890625 0.6243628398187633 0.3916015625 0.6413079690831557
9 0.29296875 0.41320045975479747 0.29296875 0.36627548640724944 0.28125 0.2828533115671642 0.2666015625 0.2763359541577825 0.2578125 0.25417693896588484 0.2470703125 0.2476595815565032 0.236328125 0.31413662713219614 0.23828125 0.34541994269722814 0.2646484375 0.40146921641791045
9 0.5390625 0.9137335087953091 0.5615234375 0.9020022654584222 0.5966796875 0.9124300373134329 0.603515625 0.9059126799040512 0.60546875 0.775565531716418 0.591796875 0.7364613872601279 0.591796875 0.6373975546375267 0.59765625 0.587865638326226 0.62890625 0.5174781783049041 0.6279296875 0.5031399920042644 0.5888671875 0.4979261060767591 0.548828125 0.4236282316098081 0.5751953125 0.42232476012793174 0.6455078125 0.4483941897654584 0.658203125 0.40277268789978676 0.65625 0.35063382862473347 0.607421875 0.2672116537846482 0.607421875 0.16032699227078892 0.6005859375 0.14338186300639658 0.5966796875 0.1564165778251599 0.580078125 0.15511310634328357 0.58203125 0.21246585154584222 0.5419921875 0.26590818230277186 0.5263671875 0.26851512526652455 0.4912109375 0.21116238006396587 0.4873046875 0.23462486673773988 0.46484375 0.2359283382196162 0.501953125 0.5435476079424307 0.4970703125 0.5630996801705757 0.4609375 0.5696170375799574 0.474609375 0.5852586953624733 0.47265625 0.6217558968550106 0.4228515625 0.6439149120469083 0.3896484375 0.6413079690831557 0.375 0.6087211820362474 0.3828125 0.57222398054371 0.3701171875 0.568313566098081 0.357421875 0.5904725812899787 0.349609375 0.6426114405650319 0.34765625 0.7677447028251599 0.384765625 0.8198835621002132 0.392578125 0.8511668776652452 0.4072265625 0.8707189498933902 0.4638671875 0.8733258928571429 0.4716796875 0.8889675506396588 0.5009765625 0.9072161513859275
2 0.55859375 0.20203807969083157 0.580078125 0.18900336487206823 0.583984375 0.17336170708955223 0.5791015625 0.1564165778251599 0.5205078125 0.14859574893390193 0.484375 0.15511310634328357 0.486328125 0.18118253598081024 0.4951171875 0.1955207222814499 0.5126953125 0.1955207222814499 0.5263671875 0.17466517857142858 0.5419921875 0.20073460820895522
2 0.802734375 0.29067414045842216 0.7958984375 0.2528734674840085 0.7587890625 0.24244569562899787 0.7333984375 0.24244569562899787 0.728515625 0.24896305303837954 0.7333984375 0.2841567830490405 0.7392578125 0.27372901119402987 0.7626953125 0.26330123933901917
9 0.818359375 0.9606584821428571 0.8564453125 0.9411064099147122 0.9091796875 0.9437133528784648 0.9140625 0.9319821095415778 0.91015625 0.8642015924840085 0.892578125 0.7886002465351812 0.9140625 0.5200851212686567 0.904296875 0.4835879197761194 0.8984375 0.4158074027185501 0.8798828125 0.3858275586353945 0.8623046875 0.37800672974413646 0.85546875 0.3610616004797441 0.8515625 0.2567838819296375 0.86328125 0.2437491671108742 0.859375 0.19682419376332622 0.8388671875 0.16945129264392325 0.7998046875 0.1512026918976546 0.7763671875 0.1668443496801706 0.7529296875 0.16945129264392325 0.734375 0.21246585154584222 0.73046875 0.2776394256396588 0.7421875 0.34802688566098083 0.75 0.3610616004797441 0.75 0.3845240871535181 0.7138671875 0.4118969882729211 0.6904296875 0.4457872468017058 0.6748046875 0.4483941897654584 0.6669921875 0.46142890458422176 0.6513671875 0.45882196162046907 0.64453125 0.4705532049573561 0.64453125 0.49401569163113007 0.6494140625 0.49010527718550106 0.6533203125 0.4979261060767591 0.66015625 0.4914087486673774 0.65625 0.5070504064498934 0.64453125 0.5148712353411514 0.64453125 0.5279059501599147 0.669921875 0.556582322761194 0.658203125 0.564403151652452 0.65625 0.7182127865138592 0.640625 0.7912071894989339 0.6474609375 0.8029384328358209 0.6552734375 0.8029384328358209 0.658203125 0.8146696761727079 0.650390625 0.8668085354477612 0.6591796875 0.8524703491471215 0.662109375 0.8720224213752665 0.6484375 0.8772363073027718 0.6533203125 0.9098230943496801 0.6640625 0.9085196228678039 0.6689453125 0.8759328358208955 0.66796875 0.9137335087953091 0.6826171875 0.9280716950959488 0.7294921875 0.9489272388059702 0.7568359375 0.9463202958422174 0.7919921875 0.9619619536247335
1 0.654296875 0.5070504064498934 0.669921875 0.4835879197761194 0.6689453125 0.45621501865671643 0.6474609375 0.45621501865671643 0.5654296875 0.42232476012793174 0.548828125 0.42623517457356075 0.564453125 0.4418768323560768 0.5869140625 0.4953191631130064