7 0.427734375 0.5485026041666666 0.4375 0.5159505208333334 0.439453125 0.4606119791666667 0.435546875 0.4117838541666667 0.4267578125 0.3938802083333333 0.3857421875 0.390625 0.3359375 0.4248046875 0.33984375 0.4768880208333333 0.3779296875 0.5501302083333334
7 0.23828125 0.9944661458333334 0.23828125 0.9358723958333334 0.2041015625 0.859375 0.1572265625 0.859375 0.1533203125 0.8430989583333334 0.1376953125 0.8365885416666666 0.1162109375 0.8463541666666666 0.1064453125 0.8365885416666666 0.0986328125 0.8528645833333334 0.0908203125 0.8333333333333334 0.080078125 0.8414713541666666 0.0859375 0.9195963541666666 0.1123046875 0.9928385416666666
7 0.84765625 0.6363932291666666 0.869140625 0.6038411458333334 0.884765625 0.5517578125 0.892578125 0.4606119791666667 0.888671875 0.4313151041666667 0.8720703125 0.400390625 0.8310546875 0.3873697916666667 0.8212890625 0.4427083333333333 0.8115234375 0.4166666666666667 0.7841796875 0.4134114583333333 0.7509765625 0.4459635416666667 0.736328125 0.4736328125 0.736328125 0.5126953125 0.748046875 0.5712890625 0.7646484375 0.595703125 0.7900390625 0.6217447916666666
5 0.103515625 0.7861328125 0.1904296875 0.732421875 0.2353515625 0.6803385416666666 0.287109375 0.6005859375 0.31640625 0.5257161458333334 0.326171875 0.4410807291666667 0.2138671875 0.29296875 0.1474609375 0.2766927083333333 0.1142578125 0.3092447916666667 0.03515625 0.4866536458333333 0.017578125 0.5647786458333334 0.0078125 0.6754557291666666 0.025390625 0.7373046875 0.0712890625 0.78125
5 0.658203125 0.2848307291666667 0.751953125 0.23274739583333334 0.7534244051883322 0.20107630821431233 0.748046875 0.13834635416666666 0.736328125 0.12858072916666666 0.734375 0.0830078125 0.7177734375 0.06510416666666667 0.689453125 0.10904947916666667 0.642578125 0.24251302083333334 0.640625 0.2848307291666667
5 0.099609375 0.7828776041666666 0.1689453125 0.7486979166666666 0.2353515625 0.6770833333333334 0.24609375 0.6526692708333334 0.2421875 0.6266276041666666 0.25 0.6266276041666666 0.2529296875 0.654296875 0.259765625 0.6396484375 0.2578125 0.6038411458333334 0.265625 0.6005859375 0.2685546875 0.6315104166666666 0.3203125 0.5159505208333334 0.326171875 0.4248046875 0.2216796875 0.2962239583333333 0.1728515625 0.2766927083333333 0.1318359375 0.2864583333333333 0.103515625 0.3271484375 0.033203125 0.4964192708333333 0.01171875 0.5940755208333334 0.01171875 0.6982421875 0.0341796875 0.751953125 0.0732421875 0.78125
5 0.23046875 0.2945963541666667 0.2626953125 0.2799479166666667 0.2685546875 0.263671875 0.3251953125 0.25390625 0.3525390625 0.224609375 0.3603515625 0.244140625 0.4072265625 0.234375 0.4140625 0.20345052083333334 0.3935546875 0.16927083333333334 0.3310546875 0.11067708333333333 0.3154296875 0.13020833333333334 0.3154296875 0.10091145833333333 0.2744140625 0.107421875 0.25 0.13834635416666666 0.220703125 0.2197265625 0.212890625 0.2783203125
5 0.650390625 0.2848307291666667 0.7607421875 0.234375 0.7646484375 0.20833333333333334 0.7763671875 0.20833333333333334 0.7822265625 0.23111979166666666 0.861328125 0.21647135416666666 0.8349609375 0.146484375 0.7431640625 0.068359375 0.7373046875 0.078125 0.736328125 0.060221354166666664 0.7216796875 0.052083333333333336 0.697265625 0.08951822916666667 0.658203125 0.18717447916666666 0.638671875 0.2652994791666667 0.640625 0.2848307291666667
5 0.10546875 0.7828776041666666 0.1220703125 0.7779947916666666 0.1279296875 0.7584635416666666 0.1669921875 0.751953125 0.2607421875 0.6477864583333334 0.27734375 0.6201171875 0.275390625 0.6038411458333334 0.2890625 0.5908203125 0.294921875 0.5485026041666666 0.310546875 0.5419921875 0.3046875 0.5322265625 0.3095703125 0.4817708333333333 0.310546875 0.5159505208333334 0.328125 0.5159505208333334 0.326171875 0.4508463541666667 0.3125 0.4378255208333333 0.3125 0.4150390625 0.2099609375 0.29296875 0.1494140625 0.2766927083333333 0.1162109375 0.302734375 0.041015625 0.4703776041666667 0.013671875 0.5777994791666666 0.0078125 0.6754557291666666 0.01953125 0.7210286458333334 0.0341796875 0.751953125 0.0693359375 0.78125
9 0.06640625 0.9944661458333334 0.1015625 0.9912109375 0.0908203125 0.9505208333333334 0.0810546875 0.9635416666666666 0.078125 0.9554036458333334 0.076171875 0.8772786458333334 0.060546875 0.7828776041666666 0.0244140625 0.751953125 0 0.7698567708333334 0 0.9944661458333334
9 1 0.9944661458333334 1 0.7893880208333334 0.95703125 0.7340494791666666 0.96484375 0.7242838541666666 0.9638671875 0.703125 0.9501953125 0.712890625 0.9267578125 0.6705729166666666 0.9189453125 0.703125 0.9072265625 0.6966145833333334 0.904296875 0.7177734375 0.8916015625 0.7356770833333334 0.8876953125 0.7291666666666666 0.8818359375 0.7486979166666666 0.8486328125 0.7747395833333334 0.8310546875 0.7747395833333334 0.8193359375 0.8040364583333334 0.7490234375 0.791015625 0.7060546875 0.7063802083333334 0.69140625 0.7242838541666666 0.703125 0.7340494791666666 0.701171875 0.7438151041666666 0.6904296875 0.7389322916666666 0.671875 0.7177734375 0.6826171875 0.6803385416666666 0.6591796875 0.6803385416666666 0.6552734375 0.703125 0.6357421875 0.693359375 0.5791015625 0.76171875 0.53125 0.8414713541666666 0.515625 0.8772786458333334 0.5126953125 0.927734375 0.49609375 0.9000651041666666 0.5078125 0.8902994791666666 0.53515625 0.8154296875 0.5029296875 0.7486979166666666 0.4697265625 0.7096354166666666 0.4697265625 0.7421875 0.427734375 0.7470703125 0.4296875 0.7991536458333334 0.416015625 0.8544921875 0.3359375 0.9879557291666666 0.5400390625 0.99609375 0.548828125 0.9912109375 0.5439453125 0.9765625 0.5595703125 0.99609375 0.8349609375 0.99609375 0.837890625 0.9554036458333334 0.818359375 0.8479817708333334 0.8212890625 0.8072916666666666 0.8271484375 0.8333333333333334 0.841796875 0.8382161458333334 0.8359375 0.8544921875 0.84765625 0.9033203125 0.837890625 0.9228515625 0.8525390625 0.9244791666666666 0.857421875 0.9391276041666666 0.857421875 0.9684244791666666 0.8466796875 0.966796875 0.8466796875 0.9798177083333334 0.8701171875 0.99609375