1 0.3046875 0.6677332180007052 0.330078125 0.639097485454866 0.3359375 0.6208747465620592 0.330078125 0.5740162751234132 0.333984375 0.5505870394040903 0.3251953125 0.5466821667842031 0.3193359375 0.5336659247179125 0.3125 0.5349675489245416 0.30859375 0.5505870394040903 0.2890625 0.5740162751234132 0.28515625 0.5870325171897038 0.28515625 0.6443039822813822 0.2919921875 0.6612250969675599
1 0.478515625 0.662526721174189 0.490234375 0.6495104791078985 0.48828125 0.6234779949753173 0.4921875 0.6104617529090268 0.4921875 0.5792227719499294 0.478515625 0.5557935362306065 0.4765625 0.5375707973377997 0.4716796875 0.5336659247179125 0.4638671875 0.5466821667842031 0.44921875 0.5505870394040903 0.455078125 0.566206529883639 0.451171875 0.6312877402150917 0.4658203125 0.6612250969675599
1 0.6015625 0.6651299695874471 0.6201171875 0.6534153517277856 0.626953125 0.6364942370416079 0.626953125 0.6104617529090268 0.60546875 0.5740162751234132 0.61328125 0.5557935362306065 0.615234375 0.542777294164316 0.6123046875 0.5388724215444288 0.6083984375 0.5388724215444288 0.5966796875 0.5596984088504936 0.5849609375 0.5466821667842031 0.576171875 0.5505870394040903 0.580078125 0.59223901401622 0.57421875 0.639097485454866 0.5888671875 0.663828345380818
1 0.71484375 0.6599234727609309 0.728515625 0.6338909886283498 0.728515625 0.6130650013222849 0.7109375 0.566206529883639 0.7109375 0.5401740457510579 0.7041015625 0.5362691731311706 0.6962890625 0.5544919120239774 0.6748046875 0.5414756699576869 0.67578125 0.5557935362306065 0.6875 0.5792227719499294 0.67578125 0.5974455108427362 0.671875 0.6130650013222849 0.673828125 0.6364942370416079 0.6884765625 0.6586218485543018
7 0.404296875 0.3267076758638928 0.4296875 0.30327844014456984 0.435546875 0.2694362107722144 0.43359375 0.2538167202926657 0.4052734375 0.22387936354019747 0.3623046875 0.236895605606488 0.357421875 0.2460069750528914 0.361328125 0.2928654464915374 0.3876953125 0.32800930007052187
7 0.6484375 0.3136914337976023 0.673828125 0.28245245283850495 0.677734375 0.24080047822637518 0.6708984375 0.22648261195345556 0.6376953125 0.21346636988716503 0.6240234375 0.2290858603667137 0.6083984375 0.236895605606488 0.60546875 0.2564199687059238 0.62109375 0.2954686949047955 0.6337890625 0.3123898095909732
2 0.611328125 0.23559398139985896 0.6376953125 0.21346636988716503 0.6748046875 0.2290858603667137 0.677734375 0.22518098774682652 0.67578125 0.18873550996121297 0.6572265625 0.17702089210155147 0.6513671875 0.16660789844851903 0.6298828125 0.16660789844851903 0.6083984375 0.17702089210155147 0.599609375 0.18873550996121297 0.599609375 0.22518098774682652 0.6044921875 0.236895605606488
2 0.435546875 0.2512134718794076 0.44140625 0.23038748457334274 0.44140625 0.1991485036142454 0.4345703125 0.18483063734132582 0.4267578125 0.17702089210155147 0.3974609375 0.16660789844851903 0.3798828125 0.16660789844851903 0.361328125 0.17571926789492243 0.357421875 0.1965452552009873 0.3603515625 0.236895605606488 0.4052734375 0.22387936354019747
5 0.35546875 0.1679095226551481 0.353515625 0.15749652900211566 0.357421875 0.13927379010930888 0.3681640625 0.12755917224964738 0.4130859375 0.12755917224964738 0.4345703125 0.14317866272919605 0.4384765625 0.14317866272919605 0.439453125 0.13667054169605078 0.4228515625 0.10152668811706629 0.3837890625 0.09632019129055007 0.3642578125 0.10673318494358251 0.3515625 0.13406729328279265 0.3515625 0.1679095226551481
5 0.59375 0.18873550996121297 0.6181640625 0.16660789844851903 0.6435546875 0.1614014016220028 0.6630859375 0.16400465003526093 0.6845703125 0.17702089210155147 0.685546875 0.13927379010930888 0.67578125 0.1158445543899859 0.6669921875 0.10673318494358251 0.6337890625 0.10673318494358251 0.6064453125 0.12755917224964738 0.59375 0.1444802869358251
9 0.48828125 0.995742518071227 0.482421875 0.7328144283321579 0.4892578125 0.7210998104724965 0.5029296875 0.7210998104724965 0.5224609375 0.7080835684062059 0.5390625 0.6781462116537377 0.53515625 0.6338909886283498 0.537109375 0.5610000330571228 0.53125 0.5011253195521862 0.50390625 0.42042461874118475 0.4873046875 0.3956937588152327 0.4560546875 0.36966127468265164 0.44921875 0.35794665682299015 0.451171875 0.33712066951692526 0.4609375 0.30848493697108603 0.4609375 0.2746427075987306 0.451171875 0.2538167202926657 0.4453125 0.21216474568053598 0.44140625 0.21476799409379407 0.431640625 0.3006751917313117 0.4150390625 0.3228028032440056 0.3935546875 0.33061254848377997 0.3779296875 0.3201995548307475 0.359375 0.2928654464915374 0.3525390625 0.19784687940761636 0.34375 0.2199744909203103 0.33984375 0.2694362107722144 0.33984375 0.2980719433180536 0.34765625 0.3527401599964739 0.2880859375 0.3982970072284908 0.265625 0.4334408608074753 0.220703125 0.5818260203631875 0.21484375 0.6651299695874471 0.21875 0.6807494600669958 0.2294921875 0.6976705747531735 0.2666015625 0.734116052538787 0.2890625 0.7406241735719323 0.287109375 0.9332645561530324 0.29296875 0.9436775498060649 0.29296875 0.9619002886988717 0.3017578125 0.9736149065585331 0.3193359375 0.971011658145275 0.3505859375 0.9970441422778561
9 0.75390625 0.995742518071227 0.7578125 0.993139269657969 0.7578125 0.9671067855253879 0.74609375 0.7822761481840621 0.7421875 0.7692599061177715 0.7421875 0.7041786957863188 0.7822265625 0.6768445874471086 0.80078125 0.6443039822813822 0.8046875 0.6286844918018336 0.806640625 0.5401740457510579 0.7890625 0.4308376123942172 0.77734375 0.378772644129055 0.7646484375 0.3592482810296192 0.7451171875 0.3436287905500705 0.703125 0.3241044274506347 0.701171875 0.26422971394569816 0.6962890625 0.25772159291255287 0.6787109375 0.25251509608603667 0.67578125 0.2772459560119887 0.66015625 0.30588168855782794 0.6513671875 0.31499305800423133 0.6376953125 0.31499305800423133 0.62109375 0.2980719433180536 0.60546875 0.26422971394569816 0.6025390625 0.24730859925952045 0.591796875 0.2798492044252468 0.587890625 0.331914172690409 0.591796875 0.3501369115832158 0.55078125 0.3891856377820874 0.5390625 0.41521812191466856 0.52734375 0.47509283541960506 0.53515625 0.5037285679654443 0.541015625 0.5636032814703809 0.541015625 0.6781462116537377 0.564453125 0.711988441026093 0.541015625 0.9905360212447109 0.5478515625 0.9970441422778561