1 0.36328125 0.9045138888888888 0.3671875 0.9010416666666666 0.37109375 0.8524305555555556 0.3525390625 0.8298611111111112 0.3408203125 0.7986111111111112 0.3193359375 0.8159722222222222 0.318359375 0.828125 0.337890625 0.8836805555555556 0.3525390625 0.9027777777777778
1 0.53125 0.8350694444444444 0.5341796875 0.8229166666666666 0.5400390625 0.8298611111111112 0.54296875 0.8107638888888888 0.5703125 0.7725694444444444 0.5556640625 0.7430555555555556 0.5126953125 0.7847222222222222 0.5078125 0.8003472222222222 0.5107421875 0.8229166666666666
1 0.751953125 0.9045138888888888 0.7568359375 0.8888888888888888 0.765625 0.8871527777777778 0.76171875 0.8211805555555556 0.7587890625 0.8159722222222222 0.7548828125 0.8229166666666666 0.751953125 0.8038194444444444 0.7392578125 0.7916666666666666 0.734375 0.796875 0.73046875 0.8524305555555556 0.7421875 0.8940972222222222
1 0.91015625 0.9982638888888888 0.9345703125 0.9756944444444444 0.943359375 0.9461805555555556 0.947265625 0.8559027777777778 0.9248046875 0.8263888888888888 0.919921875 0.828125 0.91796875 0.8628472222222222 0.8984375 0.9079861111111112 0.892578125 0.9392361111111112 0.892578125 0.9704861111111112 0.904296875 0.9635416666666666 0.8984375 0.9947916666666666
7 0.298828125 0.3697916666666667 0.32421875 0.3246527777777778 0.326171875 0.2899305555555556 0.3193359375 0.2638888888888889 0.275390625 0.2690972222222222 0.26953125 0.3454861111111111 0.2861328125 0.3715277777777778
7 0.587890625 0.4670138888888889 0.591796875 0.453125 0.5888671875 0.4270833333333333 0.5693359375 0.4131944444444444 0.544921875 0.4288194444444444 0.5458984375 0.4548611111111111 0.5576171875 0.4652777777777778
7 0.798828125 0.421875 0.8125 0.4079861111111111 0.8125 0.3663194444444444 0.7783203125 0.3645833333333333 0.783203125 0.4010416666666667 0.7939453125 0.4236111111111111
9 0.310546875 0.9947916666666666 0.310546875 0.8489583333333334 0.314453125 0.8211805555555556 0.33984375 0.796875 0.328125 0.7378472222222222 0.328125 0.5746527777777778 0.333984375 0.4704861111111111 0.32421875 0.421875 0.30078125 0.3802083333333333 0.3046875 0.359375 0.2998046875 0.3541666666666667 0.2958984375 0.3645833333333333 0.2802734375 0.3645833333333333 0.271484375 0.3489583333333333 0.271484375 0.2899305555555556 0.27734375 0.2760416666666667 0.2734375 0.2482638888888889 0.2802734375 0.2326388888888889 0.2998046875 0.2152777777777778 0.3271484375 0.21180555555555555 0.3359375 0.22395833333333334 0.337890625 0.2621527777777778 0.3447265625 0.2708333333333333 0.34765625 0.234375 0.33984375 0.19618055555555555 0.3251953125 0.16319444444444445 0.2900390625 0.14930555555555555 0.2783203125 0.1597222222222222 0.259765625 0.1996527777777778 0.248046875 0.2621527777777778 0.21875 0.3350694444444444 0.216796875 0.3524305555555556 0.1650390625 0.4027777777777778 0.130859375 0.4809027777777778 0.111328125 0.7552083333333334 0.134765625 0.9357638888888888 0.1376953125 0.9965277777777778 0.1923828125 0.9965277777777778 0.2001953125 0.9895833333333334 0.2060546875 0.9965277777777778
9 0.62890625 0.9947916666666666 0.63671875 0.8524305555555556 0.634765625 0.7309027777777778 0.650390625 0.6927083333333334 0.662109375 0.6302083333333334 0.658203125 0.5850694444444444 0.642578125 0.515625 0.6240234375 0.4895833333333333 0.5927734375 0.46875 0.5791015625 0.4930555555555556 0.5654296875 0.5034722222222222 0.5380859375 0.4861111111111111 0.5341796875 0.4618055555555556 0.5009765625 0.4756944444444444 0.48828125 0.5017361111111112 0.4921875 0.7204861111111112 0.5 0.7621527777777778 0.498046875 0.7760416666666666 0.5107421875 0.7881944444444444 0.5576171875 0.7361111111111112 0.56640625 0.7447916666666666 0.572265625 0.7725694444444444 0.5478515625 0.8055555555555556 0.5380859375 0.8333333333333334 0.5263671875 0.8368055555555556 0.4912109375 0.8055555555555556 0.478515625 0.8142361111111112 0.47265625 0.8559027777777778 0.470703125 0.9878472222222222 0.4736328125 0.9965277777777778
9 0.8984375 0.9947916666666666 0.90234375 0.9774305555555556 0.892578125 0.9704861111111112 0.89453125 0.921875 0.9140625 0.8732638888888888 0.919921875 0.8315972222222222 0.9306640625 0.8333333333333334 0.9482421875 0.8541666666666666 0.9560546875 0.8541666666666666 0.962890625 0.8385416666666666 0.9609375 0.7517361111111112 0.966796875 0.7065972222222222 0.962890625 0.6024305555555556 0.9375 0.4670138888888889 0.9208984375 0.4409722222222222 0.8818359375 0.4131944444444444 0.87109375 0.3975694444444444 0.86328125 0.3107638888888889 0.84765625 0.2482638888888889 0.8388671875 0.2361111111111111 0.8232421875 0.2326388888888889 0.8017578125 0.2534722222222222 0.7734375 0.3211805555555556 0.7783203125 0.3368055555555556 0.8134765625 0.3368055555555556 0.814453125 0.3559027777777778 0.8056640625 0.3680555555555556 0.77734375 0.3697916666666667 0.79296875 0.4045138888888889 0.794921875 0.4253472222222222 0.771484375 0.453125 0.75 0.5295138888888888 0.736328125 0.6267361111111112 0.740234375 0.7065972222222222 0.73046875 0.7760416666666666 0.7373046875 0.7951388888888888 0.76171875 0.8177083333333334 0.765625 0.8732638888888888 0.759765625 0.9045138888888888 0.7626953125 0.9965277777777778
5 0.541015625 0.3940972222222222 0.5654296875 0.3819444444444444 0.5908203125 0.3923611111111111 0.5859375 0.3420138888888889 0.5751953125 0.3298611111111111 0.5517578125 0.3333333333333333 0.537109375 0.3732638888888889 0.537109375 0.3940972222222222
2 0.33203125 0.3038194444444444 0.34375 0.2829861111111111 0.3369140625 0.2673611111111111 0.2880859375 0.2326388888888889 0.27734375 0.24131944444444445 0.275390625 0.2621527777777778 0.2802734375 0.2708333333333333 0.3212890625 0.2673611111111111 0.326171875 0.3003472222222222
2 0.802734375 0.3663194444444444 0.814453125 0.3559027777777778 0.8134765625 0.3368055555555556 0.7734375 0.3385416666666667 0.7783203125 0.3645833333333333
2 0.591796875 0.4253472222222222 0.59375 0.4010416666666667 0.5830078125 0.3888888888888889 0.5458984375 0.3888888888888889 0.5390625 0.3975694444444444 0.5458984375 0.4201388888888889 0.5732421875 0.4097222222222222 0.5771484375 0.4201388888888889