4 0.154296875 0.995892420764218 0.162109375 0.985353876629147
4 0.40234375 0.9115840676836493 0.404296875 0.8694298911433649
4 0.869140625 0.8097114743779621 0.916015625 0.7921472341528436
4 0.822265625 0.8378142587381516 0.83203125 0.8202500185130331
0 0.875 0.5286836307760664 0.88671875 0.4654523659656398
3 0.7109375 0.16686028213862558 0.7265625 0.13875749777843602
3 0.859375 0.20198876258886256 0.873046875 0.18442452236374407
3 0.458984375 0.5919148955864929 0.482421875 0.5567864151362559
2 0.431640625 0.5813763514514217 0.427734375 0.53219647882109
4 0.412109375 0.4654523659656398 0.4296875 0.40222110115521326
