4 0.15853618421052632 0.9931640625 0.17866776315789473 0.9794921875
4 0.7272532894736842 0.9931640625 0.7423519736842106 0.9853515625
0 0.3598519736842105 0.5927734375 0.38501644736842106 0.5693359375
0 0.9285690789473684 0.5927734375 0.9487006578947368 0.5751953125
0 0.0855592105263158 0.5888671875 0.09310855263157895 0.5205078125
0 0.6542763157894737 0.5888671875 0.6593092105263157 0.5185546875
3 0.23654605263157893 0.1396484375 0.26171052631578945 0.1201171875
3 0.8052631578947368 0.1396484375 0.8279111842105263 0.1201171875
2 0.14092105263157895 0.1572265625 0.16986019736842106 0.15234375
2 0.7599671052631579 0.1708984375 0.762483552631579 0.1552734375
1 0.25164473684210525 0.0869140625 0.2654851973684211 0.0859375
1 0.8329440789473684 0.0869140625 0.8329440789473684 0.0712890625
