2 0.03125 0.32023895851576184 0.0341796875 0.31000301007005254
2 0.234375 0.32608807191330996 0.240234375 0.3173144018169877
2 0.3828125 0.34655996880472856 0.4091796875 0.3333994636602452
2 0.48046875 0.3114652884194396 0.494140625 0.2968425049255692
2 1.0 0.36410730899737304 1.0 0.30269161832311736
2 0.927734375 0.35825819559982486 0.9443359375 0.35387136055166374
3 0.978515625 0.46061768005691767 1.0 0.4430703398642732
2 0.71484375 0.3728809790936953 0.720703125 0.361182752298599
3 0.095703125 0.3845792058887916 0.109375 0.3699564223949212
3 0.1796875 0.361182752298599 0.1875 0.3524090822022767
3 0.515625 0.3290126286120841 0.53125 0.3085407317206655
3 0.69921875 0.3875037625875657 0.712890625 0.37580553579246934
3 0.8828125 0.4284475563704028 0.892578125 0.4138247728765324
4 0.171875 0.9314713085595446 0.16796875 0.9811887724387041
4 0.0029296875 0.3948151543345009 0.0 0.9373204219570929
4 0.14453125 0.3845792058887916 0.130859375 0.4284475563704028
4 0.31640625 0.44891945326182137 0.3125 0.7676961334281961
4 0.453125 0.40212654608143605 0.453125 0.7647715767294221
4 0.62890625 0.4255229996716287 0.630859375 0.7852434736208407
4 0.802734375 0.618543741790718 0.8125 0.9928869992338003
0 0.1572265625 0.6814217108143608 0.150390625 0.6916576592600701
0 0.12109375 0.8144890406085814 0.12109375 0.8291118241024519
0 0.5673828125 0.4971746387915937 0.56640625 0.5161842573336253
0 0.5185546875 0.5585903294658494 0.513671875 0.5688262779115587
0 0.7333984375 0.47670274190017514 0.740234375 0.49863691714098074
0 0.673828125 0.47816502024956214 0.6787109375 0.5000991954903677
0 0.908203125 0.7910925870183888 0.91015625 0.8378854941987741
