4 0.111328125 0.8262601518361582 0.1181640625 0.8159869350282486
4 0.24609375 0.9407331391242938 0.2470703125 0.9392655367231638
4 0.328125 0.8878994526836158 0.328125 0.884964247881356
4 0.40625 0.8967050670903954 0.4072265625 0.8952374646892656
4 0.494140625 0.7763616701977402 0.4951171875 0.7748940677966102
4 0.765625 0.8790938382768362 0.76953125 0.8761586334745762
4 0.873046875 0.6648238877118644 0.8701171875 0.6604210805084746
4 0.873046875 0.7763616701977402 0.8720703125 0.7748940677966102
4 0.87890625 0.52099885240113 0.87890625 0.51806364759887
4 0.8828125 0.961279572740113 0.8837890625 0.959811970338983
3 0.90625 0.4505539371468927 0.9072265625 0.4490863347457627
3 0.279296875 0.3918498411016949 0.283203125 0.3830442266949153
3 0.53515625 0.3360809498587571 0.5400390625 0.3287429378531073
2 0.544921875 0.2715064442090395 0.5458984375 0.2700388418079096
2 0.78515625 0.3536921786723164 0.7861328125 0.3522245762711864
2 0.240234375 0.388914636299435 0.2412109375 0.3874470338983051
2 0.12109375 0.388914636299435 0.126953125 0.3801090218926554
2 0.275390625 0.3243401306497175 0.2763671875 0.3228725282485876
2 0.44140625 0.3448865642655367 0.443359375 0.3419513594632768
2 0.87109375 0.4300075035310734 0.869140625 0.4270722987288136
2 0.46484375 0.51806364759887 0.4638671875 0.5165960451977402
0 0.16015625 0.6912407309322034 0.16796875 0.6824351165254238
0 0.28515625 0.702981550141243 0.30078125 0.6794999117231638
0 0.46875 0.544480490819209 0.46875 0.5415452860169492
0 0.4921875 0.6207958156779662 0.4921875 0.6178606108757062
0 0.89453125 0.4887115995762712 0.896484375 0.4857763947740113
