4 0.248046875 0.99609375 0.2666015625 0.984375
3 0.2890625 0.4622395833333333 0.291015625 0.4440104166666667
1 0.265625 0.3684895833333333 0.30859375 0.3502604166666667
1 0.41796875 0.26953125 0.419921875 0.23046875
2 0.34375 0.33203125 0.345703125 0.2513020833333333
2 0.22265625 0.41796875 0.234375 0.41015625
3 0.38671875 0.3606770833333333 0.4140625 0.3190104166666667
4 0.34765625 0.5299479166666666 0.447265625 0.5143229166666666
4 0.416015625 0.9205729166666666 0.458984375 0.8971354166666666
0 0.703125 0.4466145833333333 0.71875 0.4153645833333333
0 0.54296875 0.5690104166666666 0.5791015625 0.5546875
4 0.6484375 0.8294270833333334 0.654296875 0.8268229166666666
4 0.986328125 0.9986979166666666 0.984375 0.9075520833333334
2 0.908203125 0.42578125 0.916015625 0.4205729166666667
3 0.814453125 0.6236979166666666 0.828125 0.56640625
3 0.73828125 0.3763020833333333 0.76171875 0.35546875
2 0.779296875 0.26953125 0.783203125 0.2565104166666667
