4 0.748046875 0.99609375 0.75390625 0.9856770833333334
4 0.292348716647229 0.99609375 0.298208091647229 0.9934895833333334
4 0.103515625 0.8450520833333334 0.1201171875 0.8333333333333334
4 0.560546875 0.99609375 0.564453125 0.98046875
4 0.310546875 0.5872395833333334 0.3173828125 0.5755208333333334
4 0.62890625 0.8763020833333334 0.642578125 0.8658854166666666
4 0.91015625 0.80078125 0.912109375 0.7955729166666666
4 0.99609375 0.99609375 1.0 0.9908854166666666
2 0.873046875 0.3919270833333333 0.884765625 0.3606770833333333
0 0.578125 0.4231770833333333 0.595703125 0.41015625
0 0.8046875 0.5299479166666666 0.8173828125 0.5234375
0 0.32421875 0.7252604166666666 0.330078125 0.7096354166666666
0 0.013671875 0.69140625 0.021484375 0.6783854166666666
0 0.45703125 0.8971354166666666 0.4609375 0.89453125
0 0.2265625 0.83984375 0.236328125 0.8268229166666666
4 0.07421875 0.9622395833333334 0.087890625 0.9440104166666666
4 0.03125 0.9856770833333334 0.033203125 0.9752604166666666
