4 0.3828125 0.2973833476027397 0.435546875 0.2765143407534247
4 0.158203125 0.1617348030821918 0.1806640625 0.13217037671232876
4 0.935546875 0.9964950770547946 0.94140625 0.9756260702054794
2 0.857421875 0.3460776969178082 0.87109375 0.3356431934931507
3 0.240234375 0.2904270119863014 0.2578125 0.2695580051369863
2 0.259765625 0.6660691352739726 0.263671875 0.6625909674657534
2 0.158203125 0.1617348030821918 0.1708984375 0.1599957191780822
0 0.283203125 0.3182523544520548 0.29296875 0.3043396832191781
0 0.2734375 0.4504227311643836 0.291015625 0.4225973886986301
0 0.390625 0.753023330479452 0.4345703125 0.7512842465753424
4 0.373046875 0.753023330479452 0.435546875 0.7495451626712328
4 0.4140625 0.5234642551369864 0.4306640625 0.5043343321917808
