4 0.14176962209302327 0.9208984375 0.20740370639534883 0.9033203125
4 0.9136264534883721 0.9833984375 0.9215025436046511 0.8193359375
0 0.9267532703488373 0.2958984375 0.9687590843023256 0.2646484375
0 0.672093023255814 0.2978515625 0.7062227470930232 0.2529296875
0 0.46994004360465114 0.2529296875 0.4856922238372093 0.2470703125
0 0.08401162790697675 0.2587890625 0.1338935319767442 0.1845703125
3 0.2730377906976744 0.1630859375 0.30979287790697674 0.1416015625
3 0.8138626453488372 0.1826171875 0.8532430959302325 0.1591796875
2 0.32029433139534885 0.0693359375 0.30060410610465116 0.013671875
2 0.7508539244186047 0.1572265625 0.7456031976744186 0.1025390625
