4 0.685546875 0.995845471398305 0.734375 0.8429058527542372
0 0.453125 0.5961169226694916 0.46875 0.5613579184322034
0 0.494140625 0.8429058527542372 0.5439453125 0.7925052966101694
2 0.478515625 0.3180448887711864 0.5126953125 0.2954515360169492
2 0.283203125 0.585689221398305 0.30078125 0.5648338188559322
1 0.353515625 0.4640327065677966 0.357421875 0.4431773040254237
3 0.326171875 0.644779528601695 0.34375 0.5648338188559322
4 0.26171875 0.995845471398305 0.248046875 0.8081468485169492
4 0.31640625 0.995845471398305 0.33203125 0.9124238612288136
0 0.357421875 0.9298033633474576 0.423828125 0.8637612552966102
0 0.685546875 0.995845471398305 0.734375 0.8463817531779662
