0 0.373046875 0.8330795539730135 0.3740234375 0.8228307721139431
4 0.34375 0.9970600637181409 0.4873046875 0.995595952023988
4 0.654296875 0.9970600637181409 0.658203125 0.994131840329835
0 0.357421875 0.32649690779610197 0.3857421875 0.31331990254872566
0 0.49609375 0.26500421664167917 0.51953125 0.24743487631184408
2 0.615234375 0.2591477698650675 0.6337890625 0.248898988005997
2 0.4453125 0.26207599325337333 0.46484375 0.21229619565217392
2 0.34375 0.3235686844077961 0.34375 0.3118557908545727
3 0.544921875 0.25329132308845576 0.568359375 0.21229619565217392
3 0.873046875 0.3382098013493253 0.892578125 0.32064046101949023
4 0.666015625 0.8389360007496252 0.7080078125 0.8169743253373314
