4 0.841796875 0.908608150921659 0.8515625 0.8816064228110599
4 0.62890625 0.7627988191244239 0.642578125 0.7546983006912442
4 0.294921875 0.8735059043778802 0.310546875 0.8654053859447005
2 0.650390625 0.14175907258064516 0.6669921875 0.12150777649769585
2 0.2734375 0.20656322004608296 0.3017578125 0.16201036866359447
2 0.84765625 0.45767929147465436 0.8798828125 0.43202764976958524
0 0.8359375 0.3010692684331797 0.8388671875 0.28891849078341014
0 0.615234375 0.20926339285714285 0.625 0.1903621831797235
0 0.703125 0.3253708237327189 0.7177734375 0.32402073732718895
1 0.82421875 0.3469722062211982 0.841796875 0.3199704781105991
3 0.794921875 0.41177635368663595 0.798828125 0.38477462557603687
3 0.3203125 0.21466373847926268 0.333984375 0.20386304723502305
3 0.703125 0.23896529377880185 0.716796875 0.23356494815668202
