3 0.478515625 0.41455078125 0.501953125 0.38232421875
3 0.763671875 0.42333984375 0.767578125 0.41455078125
4 0.501953125 0.99755859375 0.5078125 0.98876953125
0 0.5703125 0.85693359375 0.5849609375 0.8525390625
0 0.521484375 0.87158203125 0.537109375 0.85400390625
2 0.798828125 0.28271484375 0.8701171875 0.2666015625
2 0.384765625 0.37353515625 0.40625 0.31494140625
2 0.40625 0.25927734375 0.4443359375 0.205078125
1 0.4140625 0.30615234375 0.4169921875 0.2958984375
1 0.681640625 0.30322265625 0.6875 0.29443359375
4 0.6463326071169209 1.0 0.6953522149600581 0.6467864923747277
