4 0.548828125 0.91015625 0.5673828125 0.90625
4 0.923828125 0.9075520833333334 0.927734375 0.90234375
0 0.623046875 0.8684895833333334 0.6474609375 0.8619791666666666
1 0.904296875 0.7330729166666666 0.921875 0.71484375
0 0.236328125 0.4596354166666667 0.255859375 0.4361979166666667
0 0.3828125 0.87890625 0.3994140625 0.8723958333333334
0 0.90625 0.7330729166666666 0.9150390625 0.7291666666666666
3 0.755859375 0.4231770833333333 0.7724609375 0.421875
3 0.357421875 0.5481770833333334 0.3818359375 0.5286458333333334
1 0.724609375 0.3294270833333333 0.7548828125 0.2890625
1 0.421875 0.4518229166666667 0.4296875 0.4388020833333333
2 0.81640625 0.3658854166666667 0.833984375 0.3268229166666667
2 0.712890625 0.4075520833333333 0.69921875 0.35546875
2 0.46484375 0.45703125 0.4716796875 0.4427083333333333
