4 0.921875 0.9951636904761905 0.91796875 0.8612351190476191
4 0.5625 0.9951636904761905 0.564453125 0.9542410714285714
4 0.283203125 0.9951636904761905 0.29296875 0.9468005952380952
0 0.08984375 0.9988839285714286 0.072265625 0.9058779761904762
0 0.34765625 0.9988839285714286 0.349609375 0.9877232142857143
0 0.615234375 0.7124255952380952 0.630859375 0.6789434523809523
0 0.93359375 0.8314732142857143 0.9423828125 0.8258928571428571
0 0.693359375 0.9988839285714286 0.689453125 0.9802827380952381
3 0.439453125 0.2771577380952381 0.4501953125 0.26785714285714285
3 0.19140625 0.3366815476190476 0.2021484375 0.33110119047619047
3 0.76953125 0.39992559523809523 0.7822265625 0.390625
2 0.38671875 0.12462797619047619 0.4482421875 0.11160714285714286
2 0.140625 0.16927083333333334 0.1513671875 0.15625
2 0.80078125 0.3664434523809524 0.8125 0.3478422619047619
