4 0.462890625 0.8544921875 0.4873046875 0.845703125
3 0.501953125 0.2216796875 0.517578125 0.2001953125
2 0.51171875 0.2314453125 0.529296875 0.2197265625
2 0.494140625 0.2333984375 0.4970703125 0.22265625
2 0.458984375 0.1650390625 0.51953125 0.1591796875
1 0.673828125 0.5341796875 0.6865234375 0.5078125
1 0.32421875 0.5380859375 0.34375 0.5322265625
0 0.673828125 0.5341796875 0.6865234375 0.5078125
0 0.32421875 0.5380859375 0.341796875 0.5361328125
1 0.4921875 0.2353515625 0.5 0.2236328125
1 0.458984375 0.1650390625 0.51953125 0.1591796875
1 0.4921875 0.2353515625 0.5 0.2236328125
1 0.458984375 0.1650390625 0.51953125 0.1591796875
