4 0.2109375 0.809342788776178 0.224609375 0.7991783581479057
4 0.423828125 0.9872203247709425 0.451171875 0.969432571171466
4 0.75390625 0.9236926333442408 0.76953125 0.9160693103730366
2 0.4765625 0.19947695107984292 0.482421875 0.19439473576570682
2 0.52734375 0.19947695107984292 0.517578125 0.10291486011125654
2 0.111328125 0.2071002740510471 0.125 0.202018058736911
2 0.783203125 0.24013467359293195 0.7890625 0.21218248936518325
3 0.8125 0.21726470467931938 0.828125 0.19185362810863874
3 0.14453125 0.202018058736911 0.15625 0.16390144388089006
1 0.40234375 0.64925300638089 0.404296875 0.5755608843259162
1 0.224609375 0.5984308532395288 0.248046875 0.562855346040576
1 0.8828125 0.6390885757526178 0.904296875 0.6213008221531413
1 0.7109375 0.6441707910667539 0.716796875 0.6289241451243456
1 0.05859375 0.6035130685536649 0.0625 0.565396453697644
