4 0.70703125 0.9833984375 0.73046875 0.9580078125
2 0.41796875 0.2255859375 0.42578125 0.1611328125
3 0.43359375 0.1572265625 0.455078125 0.1220703125
1 0.45703125 0.0849609375 0.44921875 0.0654296875
1 0.771484375 0.6083984375 0.787109375 0.5849609375
1 0.3046875 0.6337890625 0.3125 0.6025390625
1 0.51953125 0.6357421875 0.552734375 0.6025390625
2 0.685546875 0.2080078125 0.7119140625 0.205078125
0 0.3046875 0.6337890625 0.310546875 0.6083984375
0 0.771484375 0.6083984375 0.787109375 0.5849609375
0 0.521484375 0.6357421875 0.556640625 0.6005859375
