4 0.775390625 0.8559027777777778 0.8037109375 0.8472222222222222
4 0.45703125 0.7447916666666666 0.4716796875 0.7326388888888888
3 0.447265625 0.3836805555555556 0.466796875 0.359375
3 0.3203125 0.4010416666666667 0.330078125 0.390625
3 0.73046875 0.4288194444444444 0.7509765625 0.4131944444444444
1 0.728515625 0.4253472222222222 0.7275390625 0.4166666666666667
1 0.421875 0.3454861111111111 0.4287109375 0.3333333333333333
1 0.744140625 0.3871527777777778 0.7490234375 0.3854166666666667
2 0.333984375 0.390625 0.345703125 0.3836805555555556
2 0.46875 0.3142361111111111 0.470703125 0.3072916666666667
2 0.767578125 0.3732638888888889 0.767578125 0.3350694444444444
