4 0.14453125 0.9346923828125 0.1708984375 0.9267578125
4 0.462890625 0.9822998046875 0.4873046875 0.968017578125
4 0.90625 0.9886474609375 0.9091796875 0.9775390625
4 0.62109375 0.9918212890625 0.62890625 0.9696044921875
0 0.798828125 0.6585693359375 0.794921875 0.6173095703125
0 0.6640625 0.4586181640625 0.6728515625 0.441162109375
0 0.939453125 0.4332275390625 0.94921875 0.4205322265625
0 0.392578125 0.4586181640625 0.408203125 0.4459228515625
0 0.1015625 0.4967041015625 0.123046875 0.4776611328125
0 0.244140625 0.5855712890625 0.2470703125 0.56494140625
2 0.125 0.2364501953125 0.130859375 0.2078857421875
2 0.59375 0.2459716796875 0.5859375 0.1888427734375
2 0.91015625 0.2554931640625 0.923828125 0.2301025390625
2 0.412109375 0.2269287109375 0.4189453125 0.199951171875
3 0.443359375 0.2459716796875 0.466796875 0.2205810546875
3 0.15234375 0.2586669921875 0.1640625 0.2174072265625
3 0.607421875 0.2427978515625 0.619140625 0.2237548828125
3 0.890625 0.2777099609375 0.91015625 0.2586669921875
