4 0.2835761938202247 0.9951171875 0.34356346558988765 0.984375
2 0.4108219218164794 0.0615234375 0.41991090238764045 0.052734375
2 0.5089829119850188 0.1923828125 0.519889688670412 0.1865234375
2 0.588965941011236 0.1923828125 0.6489532127808989 0.1875
3 0.5453388342696629 0.1826171875 0.5853303487827716 0.1416015625
0 0.269033824906367 0.6337890625 0.2544914559925094 0.5927734375
0 0.7525675912921348 0.6259765625 0.81437265917603 0.5927734375
1 0.5853303487827716 0.1005859375 0.5616989992977528 0.078125
0 0.5853303487827716 0.1005859375 0.5616989992977528 0.078125
1 0.5853303487827716 0.1005859375 0.5653345915262172 0.078125
