4 0.419921875 0.9970600637181409 0.4287109375 0.9809548350824587
4 0.642578125 0.9970600637181409 0.650390625 0.9912036169415293
4 0.80078125 0.9970600637181409 0.806640625 0.9882753935532234
4 1.0 0.9970600637181409 1.0 0.49926208770614694
3 0.74609375 0.4348411731634183 0.76171875 0.4084871626686657
3 0.84375 0.4494822901049475 0.8486328125 0.44508995502248877
3 0.546875 0.47583630059970017 0.5771484375 0.4714439655172414
3 0.349609375 0.4348411731634183 0.3662109375 0.42459239130434784
2 0.38671875 0.39384604572713644 0.400390625 0.37627670539730135
2 0.61328125 0.4348411731634183 0.623046875 0.42605650299850073
2 0.806640625 0.4494822901049475 0.806640625 0.42898472638680657
2 0.90625 0.43191294977511246 0.9140625 0.4231282796101949
0 0.078125 0.31478401424287855 0.095703125 0.3001428973013493
0 0.875 0.5871087893553223 0.8876953125 0.5856446776611695
0 0.744140625 0.6105345764617691 0.75 0.6046781296851574
0 0.06640625 0.30599934407796103 0.07421875 0.3030711206896552
0 0.578125 0.6661708208395802 0.5810546875 0.6588502623688156
0 0.740234375 0.613462799850075 0.751953125 0.5988216829085458
0 0.880859375 0.5900370127436282 0.89453125 0.5666112256371814
