4 0.873046875 0.9988322410350102 0.876953125 0.996114330175051
4 0.21484375 0.9988322410350102 0.251953125 0.996114330175051
3 0.20703125 0.4715575342029232 0.2333984375 0.46204484619306596
3 0.703125 0.4933008210825969 0.70703125 0.46612171248300477
2 0.802734375 0.41448140614377976 0.810546875 0.4036097627039429
2 0.13671875 0.37914856496431 0.1435546875 0.3750716986743712
2 0.189453125 0.3302261694850442 0.1923828125 0.3288672140550646
1 0.6796875 0.430788871303535 0.681640625 0.4063276735639021
1 0.2578125 0.36827692152447317 0.267578125 0.3519694563647179
0 0.361328125 0.8303217677175391 0.3759765625 0.8262449014276003
0 0.658203125 0.8085784808378654 0.66015625 0.8058605699779062
0 0.646484375 0.9988322410350102 0.6484375 0.9852426867352141
0 0.701171875 0.4933008210825969 0.705078125 0.48242917764276005
