0 0.33984375 0.7408931529936015 0.3544921875 0.71256926988117
0 0.376953125 0.9108364516681902 0.40234375 0.8750589151051188
0 0.671875 0.7051156164305301 0.7080078125 0.6708288105575868
2 0.181640625 0.42485824668647165 0.2197265625 0.38460851805301643
2 0.404296875 0.3443587894195612 0.4150390625 0.3369051359689214
1 0.27734375 0.5023762425731262 0.283203125 0.48150601291133455
1 0.693359375 0.38609924874314444 0.7109375 0.36522901908135286
3 0.31640625 0.5262279336151737 0.3271484375 0.5187742801645339
3 0.677734375 0.45169139910877515 0.712890625 0.3980250942641682
4 0.44140625 0.9972988316956124 0.8759765625 0.9958081010054844
