4 0.478515625 0.99755859375 0.484375 0.99462890625
4 0.236328125 0.91552734375 0.2431640625 0.9111328125
3 0.39453125 0.41748046875 0.4013671875 0.416015625
2 0.349609375 0.39990234375 0.357421875 0.39697265625
2 0.412109375 0.42919921875 0.416015625 0.41748046875
2 0.51171875 0.74560546875 0.5166015625 0.7412109375
2 0.26953125 0.94482421875 0.2783203125 0.943359375
0 0.51171875 0.74560546875 0.5146484375 0.744140625
0 0.267578125 0.94482421875 0.2783203125 0.943359375
0 0.638671875 0.69873046875 0.640625 0.68994140625
3 0.61328125 0.44970703125 0.6240234375 0.4482421875
1 0.650390625 0.38232421875 0.65234375 0.37939453125
2 0.67578125 0.49658203125 0.67578125 0.49072265625
4 0.671875 0.99755859375 0.67578125 0.97998046875
3 0.61328125 0.44970703125 0.6279296875 0.4453125
1 0.640625 0.42333984375 0.6533203125 0.4130859375
1 0.6484375 0.38525390625 0.65234375 0.37939453125
1 0.421875 0.37646484375 0.42578125 0.36181640625
1 0.65625 0.40869140625 0.662109375 0.39990234375
1 0.36328125 0.34130859375 0.3798828125 0.3310546875
1 0.6484375 0.37939453125 0.650390625 0.37646484375
1 0.412109375 0.34130859375 0.4189453125 0.33984375
1 0.650390625 0.37939453125 0.65234375 0.37353515625
