3 0.64453125 0.5054945054945055 0.6552734375 0.4981684981684982
3 0.33203125 0.5084249084249084 0.3388671875 0.5069597069597069
0 0.482421875 0.9216117216117216 0.49609375 0.9010989010989011
0 0.4609375 1.0 0.466796875 0.9978021978021978
0 0.623046875 0.9978021978021978 0.6298828125 0.9963369963369964
0 0.755859375 1.0 0.7724609375 0.9992673992673993
2 0.3671875 0.22124542124542124 0.369140625 0.2153846153846154
2 0.3515625 0.08937728937728938 0.3662109375 0.07912087912087912
2 0.484375 0.21831501831501832 0.48828125 0.2153846153846154
2 0.23046875 0.20366300366300366 0.2451171875 0.17875457875457876
2 0.734375 0.3120879120879121 0.736328125 0.30915750915750917
1 0.37890625 0.3384615384615385 0.3857421875 0.33406593406593404
4 0.333984375 0.9978021978021978 0.337890625 0.9948717948717949
4 0.82421875 0.9978021978021978 0.828125 0.9948717948717949
