1 0.39453125 0.2915750915750916 0.4013671875 0.28717948717948716
1 0.50390625 0.5934065934065934 0.5146484375 0.5772893772893772
3 0.36328125 0.3326007326007326 0.3681640625 0.3282051282051282
3 0.5 0.5992673992673992 0.513671875 0.5816849816849817
2 0.34375 0.3384615384615385 0.345703125 0.3355311355311355
2 0.3515625 0.23882783882783884 0.3544921875 0.2315018315018315
2 0.47265625 0.5787545787545788 0.4814453125 0.5743589743589743
4 0.541015625 0.9978021978021978 0.544921875 0.991941391941392
4 0.267578125 0.863003663003663 0.2744140625 0.8615384615384616
0 0.5625 0.7428571428571429 0.5732421875 0.7355311355311356
