4 0.517578125 0.4908854166666667 0.517578125 0.4752604166666667
4 0.412109375 0.4283854166666667 0.4326171875 0.4270833333333333
4 0.697265625 0.37109375 0.708984375 0.3502604166666667
4 0.400390625 0.5455729166666666 0.4228515625 0.5442708333333334
4 0.443359375 0.8346354166666666 0.447265625 0.83203125
4 0.369140625 0.43359375 0.3994140625 0.4296875
2 0.552734375 0.4075520833333333 0.5712890625 0.40625
3 0.47265625 0.19921875 0.4755859375 0.19791666666666666
1 0.482421875 0.14973958333333334 0.4892578125 0.1484375
0 0.7265625 0.4049479166666667 0.73046875 0.40234375
0 0.7421875 0.40234375 0.751953125 0.3893229166666667
0 0.39453125 0.5325520833333334 0.39453125 0.52734375
