0 0.255859375 0.3975694444444444 0.2744140625 0.3888888888888889
0 0.607421875 0.4392361111111111 0.615234375 0.4079861111111111
2 0.498046875 0.265625 0.5009765625 0.25
2 0.9453125 0.2517361111111111 0.9453125 0.2170138888888889
3 0.42578125 0.5572916666666666 0.4638671875 0.53125
3 0.76953125 0.4184027777777778 0.7880859375 0.4166666666666667
0 0.666015625 0.9982638888888888 0.67578125 0.9878472222222222
4 0.578125 0.9947916666666666 0.591796875 0.9739583333333334
4 0.904296875 0.9947916666666666 0.912109375 0.9635416666666666
0 0.162109375 0.8454861111111112 0.1787109375 0.8194444444444444
4 0.09765625 0.9982638888888888 0.2294921875 0.9965277777777778
