4 0.298828125 0.979367597912758 0.30859375 0.9705840320121951
4 0.49609375 0.8856762283067542 0.525390625 0.8681090965056285
4 0.859375 0.3879408272748593 0.8857421875 0.37476547842401503
4 0.884765625 0.7714898715994372 0.892578125 0.6836542125938087
2 0.81640625 0.22398093046435272 0.81640625 0.21519736456378988
2 0.5 0.39672439317542213 0.517578125 0.37915726137429645
2 0.30078125 0.3001051682692308 0.3193359375 0.275218398217636
3 0.55078125 0.38501297197467166 0.560546875 0.36451798487335835
3 0.33984375 0.3381672871716698 0.3505859375 0.336703359521576
3 0.837890625 0.27668232586772984 0.8447265625 0.275218398217636
0 0.41015625 0.6309528171904315 0.404296875 0.5782514217870544
0 0.517578125 0.6748706466932458 0.5234375 0.6690149360928705
0 0.302734375 0.6631592254924953 0.3125 0.65730351489212
0 0.884765625 0.4084358143761726 0.9072265625 0.39526046552532834
0 0.841796875 0.41429152497654786 0.84765625 0.4084358143761726
