3 0.232421875 0.3941391941391941 0.2431640625 0.3838827838827839
3 0.5390625 0.4087912087912088 0.5595703125 0.3956043956043956
2 0.271484375 0.2915750915750916 0.283203125 0.27692307692307694
2 0.595703125 0.3326007326007326 0.59765625 0.32967032967032966
0 0.5 0.8952380952380953 0.5029296875 0.8908424908424909
0 0.119140625 0.9978021978021978 0.12109375 0.991941391941392
0 0.3203125 0.9714285714285714 0.330078125 0.9626373626373627
4 0.29296875 0.9978021978021978 0.294921875 0.9831501831501831
4 0.623046875 0.9948717948717949 0.6357421875 0.9934065934065934
1 0.1875 0.3208791208791209 0.189453125 0.315018315018315
1 0.267578125 0.30622710622710625 0.26953125 0.3032967032967033
1 0.57421875 0.3238095238095238 0.578125 0.3208791208791209
