2 0.552734375 0.25048828125 0.6123046875 0.2431640625
2 0.44921875 0.26220703125 0.5107421875 0.2314453125
4 1.0 0.99462890625 1.0 0.39990234375
4 0.51171875 0.93603515625 0.5390625 0.87744140625
0 0.392578125 0.56689453125 0.4169921875 0.556640625
0 0.720703125 0.93310546875 0.783203125 0.87158203125
0 0.404296875 0.97705078125 0.4482421875 0.9697265625
0 0.404296875 0.97705078125 0.4052734375 0.9697265625
3 0.560546875 0.43212890625 0.58984375 0.40869140625
1 0.48828125 0.36767578125 0.5009765625 0.36328125
