1 0.5234375 0.359375 0.5439453125 0.3169642857142857
3 0.09375 0.44419642857142855 0.0966796875 0.42857142857142855
3 0.361328125 0.5379464285714286 0.3720703125 0.53125
3 0.572265625 0.46205357142857145 0.5927734375 0.44642857142857145
4 0.046875 0.9977678571428571 0.0615234375 0.9955357142857143
4 0.80078125 0.9933035714285714 0.806640625 0.8683035714285714
1 0.0625 0.3638392857142857 0.068359375 0.359375
2 0.11328125 0.34598214285714285 0.11328125 0.3013392857142857
2 0.30859375 0.49330357142857145 0.318359375 0.484375
2 0.658203125 0.36830357142857145 0.6728515625 0.34375
