1 0.205078125 0.2860649956597222 0.25390625 0.2398681640625
1 0.48828125 0.3073866102430556 0.5185546875 0.24519856770833334
1 0.87890625 0.8368733723958334 0.9248046875 0.8173285590277778
3 0.841796875 0.9967854817708334 0.90625 0.8830702039930556
3 0.5390625 0.4779595269097222 0.5634765625 0.4584147135416667
3 0.169921875 0.4068874782986111 0.2275390625 0.3446994357638889
2 0.26171875 0.1510281032986111 0.28515625 0.08350965711805555
2 0.4140625 0.1616889105902778 0.4873046875 0.053304036458333336
2 0.9609375 0.5703531901041666 0.94921875 0.3855658637152778
4 0.201171875 0.9967854817708334 0.3359375 0.9825710720486112
4 0.671875 0.4672987196180556 0.685546875 0.4388699001736111
4 0.638671875 0.9967854817708334 0.69140625 0.9470350477430556
4 0.53125 0.9967854817708334 0.50390625 0.7906765407986112
