0 0.287109375 0.991819381020538 0.2880859375 0.9903543597782625
0 0.021484375 0.6021237305752454 0.0224609375 0.6006587093329698
0 0.556640625 0.9244284038758633 0.560546875 0.9214983613913122
0 0.51171875 0.8980580215149037 0.5126953125 0.8965930002726281
0 0.98828125 0.9068481489685569 0.994140625 0.8980580215149037
3 0.87890625 0.14796714546982914 0.8798828125 0.14650212422755363
4 0.048828125 0.9390786162986187 0.0517578125 0.934683552571792
4 0.78125 0.9976794659896401 0.7822265625 0.9962144447473646
4 1.0 0.7544859397719011 1.0 0.15675727292348238
2 0.390625 0.027835403603235186 0.3916015625 0.026370382360959652
