3 0.1953125 0.4375405320358822 0.1962890625 0.4360771857748927
3 0.498046875 0.43168714699192395 0.4990234375 0.43022380073093436
3 0.93359375 0.3058393685468207 0.935546875 0.30291267602484157
2 0.05859375 0.25901228819515437 0.05859375 0.25608559567317524
2 0.5625 0.3058393685468207 0.564453125 0.30291267602484157
2 1.0 0.11853104714015539 1.0 0.0014633462609895728
0 0.62890625 0.5282680002172357 0.6298828125 0.5268046539562462
0 0.2265625 0.7828902496294213 0.2275390625 0.7814269033684318
0 0.42578125 0.8823977953767124 0.4296875 0.876544410332754
0 0.60546875 0.7331364767557759 0.6064453125 0.7316731304947863
4 0.03125 0.996538803733899 0.0322265625 0.9950754574729094
4 0.1328125 0.794597019717338 0.1337890625 0.7931336734563484
4 0.708984375 0.7009428590140053 0.7236328125 0.6789926650991617
4 0.427734375 0.7331364767557759 0.4287109375 0.7316731304947863
4 0.697265625 0.9058113355525454 0.6982421875 0.9043479892915559
1 0.17405785236730797 0.25400736045798405 0.10469777595852095 0.0655673686362707
1 0.4941288033838177 0.2857023103659783 0.10628189384636377 0.06762216315681865
