4 0.310546875 0.9947916666666666 0.310546875 0.8454861111111112
0 0.36328125 0.9045138888888888 0.3671875 0.9010416666666666
3 0.30078125 0.3697916666666667 0.326171875 0.3142361111111111
1 0.33203125 0.3038194444444444 0.341796875 0.2829861111111111
2 0.279296875 0.3975694444444444 0.283203125 0.3940972222222222
2 0.541015625 0.3940972222222222 0.5654296875 0.3819444444444444
3 0.572265625 0.484375 0.58984375 0.4635416666666667
0 0.53125 0.8350694444444444 0.5341796875 0.8229166666666666
4 0.625 0.9947916666666666 0.626953125 0.9461805555555556
1 0.58984375 0.4253472222222222 0.59375 0.4010416666666667
4 0.890625 0.9947916666666666 0.892578125 0.9253472222222222
0 0.751953125 0.9045138888888888 0.7568359375 0.8888888888888888
0 0.91015625 0.9982638888888888 0.9345703125 0.9756944444444444
1 0.802734375 0.3663194444444444 0.814453125 0.3559027777777778
