4 0.673828125 0.77197265625 0.6845703125 0.767578125
0 0.6875 0.61669921875 0.69921875 0.60498046875
0 0.60546875 0.62255859375 0.615234375 0.60791015625
4 0.974609375 0.77197265625 0.982421875 0.76611328125
4 0.322265625 0.78662109375 0.3564453125 0.767578125
2 0.3046875 0.21533203125 0.310546875 0.20947265625
2 0.3984375 0.38525390625 0.40234375 0.36767578125
2 0.607421875 0.39697265625 0.611328125 0.37646484375
2 0.90625 0.39990234375 0.908203125 0.37646484375
0 0.283203125 0.41748046875 0.29296875 0.41162109375
0 0.34375 0.61669921875 0.3623046875 0.603515625
0 0.6875 0.61669921875 0.701171875 0.60205078125
0 0.607421875 0.61962890625 0.61328125 0.61083984375
0 0.966796875 0.65771484375 0.9765625 0.64599609375
0 0.638671875 0.42333984375 0.642578125 0.41748046875
0 0.376953125 0.44970703125 0.390625 0.43505859375
3 0.93359375 0.41455078125 0.9375 0.41162109375
3 0.37890625 0.44677734375 0.390625 0.43212890625
3 0.638671875 0.42333984375 0.642578125 0.41748046875
3 0.37890625 0.44677734375 0.390625 0.42919921875
3 0.296875 0.25048828125 0.3046875 0.24169921875
3 0.931640625 0.41455078125 0.943359375 0.40283203125
