4 0.68359375 0.9982405037715517 0.6796875 0.977362271012931
4 0.3046875 0.9695329337284483 0.310546875 0.9617035964439655
4 0.490234375 0.7581408270474138 0.5078125 0.687676791487069
4 0.828125 0.7659701643318966 0.8291015625 0.7516163793103449
2 0.212890625 0.16311119342672414 0.216796875 0.15006229795258622
2 0.51171875 0.23357522898706898 0.51953125 0.19703832165948276
2 0.61328125 0.2831610317887931 0.64453125 0.2701121363146552
2 0.884765625 0.2414045662715517 0.908203125 0.22052633351293102
3 0.58203125 0.264892578125 0.6015625 0.23879478717672414
3 0.19140625 0.23096544989224138 0.201171875 0.21791655441810345
0 0.90234375 0.5545780576508621 0.912109375 0.5310900457974138
0 0.22265625 0.2936001481681034 0.232421875 0.28577081088362066
0 0.640625 0.4632357893318966 0.6533203125 0.46193089978448276
0 0.0859375 0.6302616514008621 0.091796875 0.6250420932112069
