1 0.71875 0.2309027777777778 0.7275390625 0.22569444444444445
3 0.72265625 0.2725694444444444 0.7275390625 0.2708333333333333
0 0.5859375 0.6927083333333334 0.59765625 0.6788194444444444
0 0.828125 0.6753472222222222 0.837890625 0.6649305555555556
2 0.732421875 0.14756944444444445 0.7412109375 0.13194444444444445
2 0.830078125 0.1579861111111111 0.830078125 0.1267361111111111
1 0.76953125 0.17881944444444445 0.7763671875 0.17708333333333334
3 0.80078125 0.234375 0.810546875 0.22395833333333334
4 0.8125 0.5642361111111112 0.8125 0.5503472222222222
4 0.865234375 0.3940972222222222 0.87890625 0.359375
4 0.841796875 0.9982638888888888 0.845703125 0.9947916666666666
4 0.724609375 0.9600694444444444 0.7509765625 0.9583333333333334
