4 0.37890625 0.9943704044117647 0.3828125 0.9840303308823529
4 0.623046875 0.9943704044117647 0.6298828125 0.9926470588235294
0 0.38671875 0.498046875 0.390625 0.49460018382352944
0 0.47265625 0.5463005514705882 0.4765625 0.5359604779411765
0 0.21875 0.5014935661764706 0.2216796875 0.4997702205882353
0 0.654296875 0.5773207720588235 0.673828125 0.5463005514705882
2 0.564453125 0.3050321691176471 0.568359375 0.2981387867647059
2 0.607421875 0.3050321691176471 0.6123046875 0.30330882352941174
2 0.32421875 0.39464613970588236 0.3271484375 0.3929227941176471
3 0.294921875 0.4118795955882353 0.296875 0.4084329044117647
3 0.568359375 0.2912454044117647 0.59765625 0.23609834558823528
1 0.283203125 0.322265625 0.2900390625 0.31364889705882354
1 0.59765625 0.22920496323529413 0.603515625 0.205078125
