4 0.896484375 0.9967420330155368 0.8984375 0.993602688029661
4 0.359375 0.9967420330155368 0.3603515625 0.9951723605225988
2 0.59765625 0.2621353063206215 0.6015625 0.2558566163488701
2 0.328125 0.1867910266596045 0.328125 0.1805123366878531
2 0.8515625 0.3374795859816384 0.8515625 0.3186435160663842
3 0.75 0.3751517258121469 0.75 0.3594550008827684
3 0.248046875 0.3500369659251412 0.2490234375 0.3484672934322034
1 0.55078125 0.1867910266596045 0.5517578125 0.18522135416666666
1 0.69140625 0.2903894111935028 0.6923828125 0.288819738700565
1 0.6875 0.2841107212217514 0.6904296875 0.2794017037429379
1 0.3046875 0.2684139962923729 0.3056640625 0.266844323799435
0 0.71875 0.3531763109110169 0.7216796875 0.3484672934322034
0 0.681640625 0.3563156558968927 0.69140625 0.3406189309675141
0 0.34375 0.2307418564618644 0.3466796875 0.22603283898305085
0 0.79296875 0.3814304157838983 0.7939453125 0.3798607432909605
0 0.173828125 0.24015989141949154 0.173828125 0.21190578654661016
4 0.59765625 0.9967420330155368 0.6015625 0.9904633430437854
0 0.984375 0.9967420330155368 0.98828125 0.993602688029661
3 0.505859375 0.20248775158898305 0.505859375 0.20562709657485875
