4 0.48046875 0.508707096822542 0.583984375 0.47059071492805754
4 0.591796875 0.9954239733213429 0.6298828125 0.9734337529976019
4 0.97265625 0.9954239733213429 0.984375 0.9661036795563549
3 0.681640625 0.3943579511390887 0.71484375 0.3415814223621103
3 0.71875 0.25362054106714627 0.716796875 0.20084401229016788
3 0.71875 0.25362054106714627 0.716796875 0.20084401229016788
1 0.71875 0.25362054106714627 0.716796875 0.20084401229016788
2 0.75390625 0.3884938923860911 0.76171875 0.38262983363309355
0 0.763671875 0.9954239733213429 0.771484375 0.9866278851918465
3 0.24609375 0.5409594199640287 0.267578125 0.5175031849520384
2 0.171875 0.3709017161270983 0.2138671875 0.3635716426858513
4 0.328125 0.9954239733213429 0.333984375 0.951443532673861
