4 0.81640625 0.9951636904761905 0.8203125 0.9840029761904762
4 0.431640625 0.9951636904761905 0.4375 0.9840029761904762
4 0.583984375 0.9951636904761905 0.58984375 0.9505208333333334
3 0.4140625 0.28087797619047616 0.4326171875 0.27157738095238093
3 0.52734375 0.2883184523809524 0.55078125 0.25483630952380953
3 0.6953125 0.2994791666666667 0.6962890625 0.29389880952380953
2 0.740234375 0.18415178571428573 0.73828125 0.1171875
2 0.482421875 0.2697172619047619 0.486328125 0.23995535714285715
2 0.345703125 0.24367559523809523 0.357421875 0.23251488095238096
0 0.59375 0.9468005952380952 0.6015625 0.9021577380952381
0 0.75390625 0.9988839285714286 0.763671875 0.9691220238095238
0 0.27734375 0.9988839285714286 0.283203125 0.9914434523809523
