0 0.5390625 0.9947916666666666 0.5439453125 0.9930555555555556
4 0.892578125 0.9947916666666666 0.9013671875 0.9930555555555556
0 0.2109375 0.6684027777777778 0.2216796875 0.6631944444444444
0 0.833984375 0.7552083333333334 0.8447265625 0.7534722222222222
2 0.677734375 0.4878472222222222 0.6875 0.4774305555555556
2 0.3984375 0.3836805555555556 0.4169921875 0.3611111111111111
2 0.794921875 0.4947916666666667 0.8046875 0.4809027777777778
3 0.7265625 0.4878472222222222 0.7353515625 0.4826388888888889
3 0.3828125 0.3767361111111111 0.4052734375 0.3576388888888889
1 0.423828125 0.24479166666666666 0.431640625 0.234375
1 0.759765625 0.3871527777777778 0.763671875 0.3836805555555556
