3 0.255859375 0.6602101824457594 0.298828125 0.5694495808678501
3 0.513671875 0.5577385355029586 0.525390625 0.5460274901380671
3 0.748046875 0.4552668885601578 0.751953125 0.44355584319526625
3 0.783203125 0.4786889792899408 0.80078125 0.4552668885601578
0 0.638671875 0.695343318540434 0.642578125 0.6719212278106509
0 0.806640625 0.6777767504930966 0.8349609375 0.6294686883629191
0 0.859375 0.7187654092702169 0.8720703125 0.7085182445759369
4 0.318359375 0.9969027366863905 0.271484375 0.7421875
4 0.662109375 0.9969027366863905 0.6640625 0.9764084072978304
4 0.8125 0.9969027366863905 0.80078125 0.8915033284023669
4 0.748046875 0.9969027366863905 0.755859375 0.9822639299802761
