4 0.87109375 0.67822265625 0.8876953125 0.673828125
4 0.59375 0.88330078125 0.625 0.87451171875
4 0.21484375 0.99755859375 0.2529296875 0.99609375
0 0.71875 0.66064453125 0.728515625 0.65478515625
0 0.34375 0.96240234375 0.3525390625 0.9609375
0 0.787109375 0.69873046875 0.8056640625 0.6767578125
0 0.1953125 0.99755859375 0.18359375 0.95654296875
0 0.513671875 0.58447265625 0.5517578125 0.5302734375
3 0.654296875 0.38525390625 0.6865234375 0.3720703125
3 0.287109375 0.33837890625 0.328125 0.29150390625
1 0.283203125 0.22705078125 0.3056640625 0.2138671875
1 0.697265625 0.32666015625 0.705078125 0.31787109375
2 0.69921875 0.36474609375 0.7060546875 0.36328125
2 0.625 0.37353515625 0.623046875 0.30908203125
2 0.732421875 0.22412109375 0.73046875 0.18310546875
2 0.24609375 0.29443359375 0.2734375 0.22119140625
