0 0.525390625 0.591796875 0.5390625 0.548828125
0 0.294921875 0.173828125 0.306640625 0.162109375
0 0.552734375 0.158203125 0.57421875 0.072265625
0 0.94140625 0.447265625 0.9619140625 0.40625
3 0.712890625 0.591796875 0.7373046875 0.58984375
3 0.37890625 0.478515625 0.3955078125 0.47265625
1 0.421875 0.306640625 0.423828125 0.291015625
1 0.689453125 0.376953125 0.7900390625 0.37109375
4 0.55859375 0.626953125 0.6064453125 0.59375
4 0.369140625 0.994140625 0.375 0.990234375
4 0.998046875 0.994140625 1.0 0.392578125
2 0.3671875 0.669921875 0.369140625 0.482421875
2 0.40234375 0.501953125 0.4130859375 0.5
2 0.408203125 0.193359375 0.4169921875 0.18359375
2 0.662109375 0.150390625 0.7294921875 0.12890625
2 0.822265625 0.611328125 0.8408203125 0.59765625
