4 0.75390625 0.995742518071227 0.7578125 0.9905360212447109
0 0.474609375 0.6599234727609309 0.4921875 0.6078585044957687
0 0.712890625 0.6573202243476728 0.724609375 0.639097485454866
0 0.6015625 0.6651299695874471 0.6201171875 0.6534153517277856
0 0.3046875 0.6677332180007052 0.31640625 0.6599234727609309
1 0.609375 0.23559398139985896 0.6240234375 0.2290858603667137
1 0.435546875 0.2512134718794076 0.439453125 0.23819722981311706
3 0.6484375 0.3136914337976023 0.6533203125 0.3123898095909732
3 0.40625 0.3267076758638928 0.4296875 0.30327844014456984
3 0.357421875 0.1444802869358251 0.359375 0.13146404486953456
3 0.640625 0.3683596504760226 0.6533203125 0.3670580262693935
2 0.341796875 0.2173712425070522 0.34375 0.18873550996121297
2 0.595703125 0.2798492044252468 0.599609375 0.2746427075987306
