3 0.52734375 0.48558535302369077 0.53125 0.39061282341022446
3 0.1875 0.4610763131234414 0.197265625 0.4549490531483791
2 0.26953125 0.3385311136221945 0.28125 0.3201493336970075
2 0.701171875 0.35691289354738154 0.71484375 0.329340223659601
4 0.06640625 0.935938961190773 0.0947265625 0.9282798862219451
4 0.33203125 0.9972115609413965 0.3515625 0.9941479309538653
4 0.87109375 0.9972115609413965 0.908203125 0.988020670978803
0 0.5078125 0.9972115609413965 0.4384765625 0.9007072163341646
0 0.095703125 0.8654754714775561 0.1357421875 0.8455618765586035
1 0.54296875 0.32627659367206985 0.5546875 0.26194036393391523
1 0.2421875 0.3415947436097257 0.240234375 0.32321296368453867
