4 0.47265625 0.29150390625 0.4765625 0.03955078125
4 0.66015625 0.99755859375 0.673828125 0.98876953125
4 0.912109375 0.99755859375 0.9619140625 0.9873046875
3 0.599609375 0.37939453125 0.625 0.34423828125
3 0.89453125 0.37646484375 0.921875 0.34716796875
0 0.7890625 0.81591796875 0.796875 0.69580078125
0 0.46875 0.54052734375 0.482421875 0.53173828125
0 0.703125 0.56396484375 0.7158203125 0.5625
0 1.0 0.87158203125 1.0 0.73095703125
2 0.66015625 0.28857421875 0.6279296875 0.19921875
2 0.857421875 0.28564453125 0.8837890625 0.2607421875
