4 0.572265625 0.9189675071022727 0.580078125 0.9131969105113636
3 0.59765625 0.27266068892045453 0.609375 0.24957830255681818
0 0.529296875 0.618896484375 0.53515625 0.5583052201704546
0 0.703125 0.5698464133522727 0.712890625 0.5467640269886364
4 0.15625 0.936279296875 0.1708984375 0.9290660511363636
0 0.05859375 0.3476784446022727 0.0712890625 0.3433504971590909
0 0.2578125 0.6217817826704546 0.271484375 0.5842729048295454
3 0.15234375 0.2322665127840909 0.16796875 0.2005282315340909
2 0.576171875 0.2957430752840909 0.578125 0.269775390625
2 0.177734375 0.19764293323863635 0.181640625 0.1485928622159091
3 0.484375 0.2438077059659091 0.494140625 0.2322665127840909
4 0.45703125 0.5352228338068182 0.4814453125 0.5337801846590909
4 0.494140625 0.7343084161931818 0.521484375 0.7256525213068182
2 0.501953125 0.19475763494318182 0.50390625 0.17167524857954544
0 0.40625 0.5092551491477273 0.412109375 0.46886097301136365
