3 0.3828125 0.19317072088068182 0.396484375 0.17066539417613635
3 0.603515625 0.21192515980113635 0.6171875 0.1819180575284091
3 0.890625 0.2569358132102273 0.904296875 0.24568314985795456
3 0.203125 0.3056973544034091 0.2177734375 0.2963201349431818
1 0.220703125 0.2269287109375 0.2294921875 0.22505326704545456
1 0.3984375 0.12190385298295454 0.3984375 0.09189675071022728
0 0.58203125 0.44823109019886365 0.5927734375 0.43510298295454547
0 0.314453125 0.9921098188920454 0.33203125 0.9508500532670454
0 0.080078125 0.9771062677556818 0.076171875 0.9208429509943182
0 0.44140625 0.5119961825284091 0.451171875 0.49324174360795453
0 0.728515625 0.9958607066761364 0.720703125 0.9546009410511364
0 0.951171875 0.7783092151988636 0.96875 0.7670565518465909
4 0.265625 0.9958607066761364 0.2734375 0.9846080433238636
4 0.3671875 0.9958607066761364 0.4189453125 0.9939852627840909
4 0.6484375 0.9921098188920454 0.654296875 0.9883589311079546
4 0.9453125 0.9958607066761364 0.94921875 0.9846080433238636
2 0.244140625 0.24943403764204544 0.255859375 0.21942693536931818
2 0.39453125 0.19692160866477273 0.408203125 0.1819180575284091
2 0.578125 0.21942693536931818 0.5703125 0.1894198330965909
2 0.822265625 0.2606867009943182 0.8544921875 0.2550603693181818
