4 0.623046875 0.9959442761479592 0.625 0.993340500262605
4 0.291015625 0.9959442761479592 0.294921875 0.993340500262605
4 0.68359375 0.9048121201605642 0.7041015625 0.9035102322178872
4 0.9296875 0.9959442761479592 0.9853515625 0.9946423882052821
3 0.91796875 0.25647192470738295 0.9287109375 0.25256626087935174
3 0.7109375 0.23824549350990396 0.7138671875 0.23694360556722688
3 0.435546875 0.4022833742872149 0.4423828125 0.3983777104591837
3 0.091796875 0.3085474424144658 0.1025390625 0.30203800270108044
2 0.74609375 0.1913775275735294 0.74609375 0.18877375168817526
2 0.953125 0.17575487226140457 0.9599609375 0.16403788077731093
2 0.158203125 0.23824549350990396 0.1689453125 0.22132095025510204
2 0.482421875 0.3450003048094238 0.490234375 0.32677387361194477
0 0.208984375 0.6652647387079832 0.2119140625 0.6639628507653061
0 0.875 0.4517551161089436 0.8779296875 0.4400381246248499
0 0.271484375 0.9516800860969388 0.2763671875 0.9451706463835534
0 0.546875 0.6574534110519208 0.548828125 0.6548496351665666
