4 0.537109375 0.9948470744680851 0.5390625 0.9898603723404256
3 0.23828125 0.4114029255319149 0.2509765625 0.39893617021276595
3 0.51953125 0.5410571808510638 0.5390625 0.49617686170212766
1 0.2421875 0.20694813829787234 0.2509765625 0.19946808510638298
1 0.48046875 0.4562832446808511 0.484375 0.38148271276595747
1 0.544921875 0.386469414893617 0.546875 0.34657579787234044
2 0.162109375 0.30169547872340424 0.181640625 0.24185505319148937
2 0.154296875 0.23188164893617022 0.1689453125 0.20944148936170212
2 0.4921875 0.3515625 0.5361328125 0.34408244680851063
0 0.46484375 0.4862034574468085 0.47265625 0.43134973404255317
0 0.365234375 0.42137632978723405 0.3759765625 0.38896276595744683
