3 0.6640625 0.4403675093632959 0.6845703125 0.430126404494382
3 0.4453125 0.20921114232209737 0.458984375 0.18580290262172286
0 0.505859375 0.7944171348314607 0.515625 0.7154143258426966
0 0.65625 0.9085323033707865 0.68359375 0.8617158239700374
0 0.380859375 0.4959620786516854 0.416015625 0.46962780898876405
2 0.748046875 0.38184691011235955 0.794921875 0.3408824906367041
2 0.38671875 0.12143024344569288 0.4580078125 0.08485486891385768
2 0.21484375 0.09509597378277154 0.2421875 0.07168773408239701
4 0.88671875 0.996313202247191 0.9072265625 0.9889981273408239
4 0.4296875 0.4754798689138577 0.5126953125 0.4447565543071161
4 0.30859375 0.996313202247191 0.31640625 0.6393375468164794
1 0.58203125 0.3057701310861423 0.5869140625 0.28967696629213485
1 0.412109375 0.14483848314606743 0.4453125 0.10094803370786516
