2 0.169921875 0.6020167983058609 0.16796875 0.5291502117673993
2 0.30078125 0.42505508814102566 0.3515625 0.25156321543040294
2 0.62890625 0.17175695398351648 0.650390625 0.10583004235347986
3 0.68359375 0.26544256524725274 0.716796875 0.22727435325091574
3 0.22265625 0.6714135473901099 0.2509765625 0.6453897664835165
3 0.333984375 0.44240427541208793 0.3671875 0.36953768887362637
1 0.24609375 0.4736328125 0.2578125 0.4632233001373626
1 0.728515625 0.1266490670787546 0.740234375 0.10583004235347986
4 0.482421875 0.7650991586538461 0.5361328125 0.7390753777472527
4 0.453125 0.9941084306318682 0.51953125 0.8830736320970696
4 0.3203125 0.7650991586538461 0.30859375 0.43199476304945056
0 0.52734375 0.8761339571886447 0.5517578125 0.8466403388278388
0 0.859375 0.65753419757326 0.8828125 0.6297754979395604
0 0.67578125 0.7997975331959707 0.708984375 0.7512198088369964
