3 0.5390625 0.2672116537846482 0.5703125 0.23071445229211088
3 0.775390625 0.3584546575159915 0.798828125 0.34281299973347545
0 0.2734375 0.2802463686034115 0.28125 0.2750324826759062
0 0.654296875 0.509657349413646 0.669921875 0.48098097681236673
0 0.431640625 0.6400044976012793 0.4658203125 0.630880197228145
4 0.29296875 0.41320045975479747 0.29296875 0.36627548640724944
4 0.5390625 0.9137335087953091 0.5615234375 0.9020022654584222
1 0.55859375 0.20203807969083157 0.580078125 0.18900336487206823
1 0.802734375 0.29067414045842216 0.7958984375 0.2528734674840085
4 0.818359375 0.9606584821428571 0.8564453125 0.9411064099147122
0 0.654296875 0.5070504064498934 0.669921875 0.4835879197761194
