4 0.517578125 0.9947916666666666 0.515625 0.9253472222222222
0 0.38671875 0.6822916666666666 0.388671875 0.6163194444444444
0 0.537109375 0.671875 0.556640625 0.6440972222222222
3 0.47265625 0.19618055555555555 0.48046875 0.17881944444444445
3 0.654296875 0.21354166666666666 0.6640625 0.2065972222222222
2 0.478515625 0.21006944444444445 0.490234375 0.19270833333333334
2 0.63671875 0.1232638888888889 0.6533203125 0.09027777777777778
4 0.63671875 0.828125 0.6640625 0.453125
1 0.478515625 0.1267361111111111 0.4638671875 0.09027777777777778
1 0.6640625 0.15104166666666666 0.6640625 0.0920138888888889
