0 0.6875 0.7696577113309353 0.708984375 0.7491335056954437
0 0.38671875 0.6904929181654677 0.4072265625 0.6890269034772182
3 0.3359375 0.3269212754796163 0.36328125 0.2946689523381295
3 0.64453125 0.4266102742805755 0.671875 0.38556186300959233
2 0.423828125 0.19497995353717026 0.423828125 0.15686357164268586
2 0.5546875 0.2829408348321343 0.5888671875 0.2345623501199041
1 0.306640625 0.21843618854916066 0.3310546875 0.20524205635491607
1 0.673828125 0.3005330110911271 0.66796875 0.2594845998201439
4 0.462890625 0.9954239733213429 0.484375 0.9279872976618705
4 0.765625 0.9954239733213429 0.75390625 0.9015990332733813
