4 0.94140625 0.9957949816286743 0.9599609375 0.9918899032693461
2 0.67578125 0.5219788073635273 0.6826171875 0.5206771145770845
2 0.001953125 0.38920614314637075 0.001953125 0.38399937200059986
2 0.28515625 0.19915899632573486 0.2919921875 0.19525391796640673
2 0.64453125 0.18874545403419316 0.6689453125 0.18744376124775045
2 0.75 0.4204467700209958 0.75 0.4074298421565687
2 0.1484375 0.2356063943461308 0.1552734375 0.23170131598680263
2 0.4921875 0.24081316549190163 0.5009765625 0.23170131598680263
2 0.833984375 0.18614206846130774 0.8388671875 0.18484037567486503
2 0.5390625 0.49594495163467306 0.5390625 0.4855314093431314
2 0.779296875 0.4308603123125375 0.78125 0.42825692673965204
2 0.08203125 0.4438772401769646 0.0966796875 0.4425755473905219
2 0.201171875 0.7094225686112777 0.203125 0.7068191830383923
3 0.962890625 0.43346369788542294 0.9736328125 0.4243518483803239
3 0.318359375 0.4673077103329334 0.318359375 0.45949755361427713
3 0.09765625 0.7458699666316737 0.1083984375 0.7445682738452309
3 0.669921875 0.46470432476004797 0.6767578125 0.46079924640071984
1 0.697265625 0.3006910336682663 0.697265625 0.29288087694961007
1 0.587890625 0.33713843168866225 0.6005859375 0.32542319661067787
1 0.2421875 0.3189147326784643 0.2763671875 0.2993893408818236
