4 0.640625 0.9771369485294118 0.6455078125 0.9754136029411765
3 0.578125 0.28435202205882354 0.5908203125 0.2585018382352941
3 0.296875 0.380859375 0.2998046875 0.3791360294117647
1 0.560546875 0.22231158088235295 0.5751953125 0.19990808823529413
1 0.3125 0.3153722426470588 0.314453125 0.31192555147058826
0 0.4921875 0.5290670955882353 0.5 0.5014935661764706
0 0.634765625 0.5497472426470589 0.6552734375 0.5342371323529411
0 0.310546875 0.31192555147058826 0.3125 0.30158547794117646
0 0.38671875 0.8116957720588235 0.3974609375 0.8030790441176471
0 0.228515625 0.8220358455882353 0.232421875 0.8185891544117647
4 0.37890625 0.9943704044117647 0.380859375 0.9633501838235294
2 0.32421875 0.39464613970588236 0.330078125 0.3877527573529412
2 0.60546875 0.3050321691176471 0.6279296875 0.30330882352941174
