3 0.427734375 0.5485026041666666 0.4375 0.5159505208333334
3 0.23828125 0.9944661458333334 0.23828125 0.9358723958333334
3 0.84765625 0.6363932291666666 0.869140625 0.6038411458333334
2 0.103515625 0.7861328125 0.1904296875 0.732421875
2 0.658203125 0.2848307291666667 0.751953125 0.23274739583333334
2 0.099609375 0.7828776041666666 0.1689453125 0.7486979166666666
2 0.23046875 0.2945963541666667 0.2626953125 0.2799479166666667
2 0.650390625 0.2848307291666667 0.7607421875 0.234375
2 0.10546875 0.7828776041666666 0.1220703125 0.7779947916666666
4 0.06640625 0.9944661458333334 0.1015625 0.9912109375
4 1.0 0.9944661458333334 1.0 0.7893880208333334
