3 0.849609375 0.7998679181654677 0.8740234375 0.7988140737410072
3 0.287109375 0.6143912994604317 0.419921875 0.5722375224820144
3 0.568359375 0.30456103866906475 0.6005859375 0.3035071942446043
1 0.212890625 0.4141608588129496 0.2744140625 0.39835319244604317
1 0.62890625 0.21814579586330934 0.642578125 0.1696689523381295
1 0.888671875 0.6312528102517986 0.888671875 0.5806682778776978
2 0.666015625 0.5869913444244604 0.671875 0.5553760116906474
2 0.64453125 0.09168446492805755 0.6162109375 0.04847684352517986
2 0.068359375 0.22446886241007194 0.1298828125 0.20655350719424462
4 0.974609375 0.9979906699640287 1.0 0.9958829811151079
4 0.587890625 0.9979906699640287 0.59375 0.9958829811151079
4 0.51953125 0.9979906699640287 0.5234375 0.9958829811151079
