2 0.6640625 0.5890990332733813 0.669921875 0.5595913893884892
1 0.7880777777777778 0.5731294964028777 0.1974888888888889 0.07292565947242206
4 0.583984375 0.9979906699640287 0.59375 0.9937752922661871
4 0.521484375 0.9979906699640287 0.5234375 0.979021470323741
4 0.974609375 0.9979906699640287 1.0 0.9958829811151079
3 0.583984375 0.30456103866906475 0.6044921875 0.30139950539568344
3 0.8515625 0.7998679181654677 0.8701171875 0.7988140737410072
3 0.2890625 0.6122836106115108 0.3642578125 0.5922605665467626
1 0.62890625 0.22446886241007194 0.642578125 0.17177664118705036
1 0.39453125 0.4225916142086331 0.3984375 0.4141608588129496
2 0.068359375 0.22657655125899281 0.1083984375 0.21287657374100719
2 0.642578125 0.09379215377697842 0.64453125 0.0895767760791367
