2 0.58984375 0.2684139962923729 0.5908203125 0.266844323799435
2 0.328125 0.1867910266596045 0.33203125 0.1805123366878531
2 0.8515625 0.3406189309675141 0.853515625 0.3374795859816384
1 0.3046875 0.2652746513064972 0.3056640625 0.2637049788135593
1 0.896484375 0.9967420330155368 0.8984375 0.993602688029661
4 0.599609375 0.9967420330155368 0.6015625 0.993602688029661
4 0.40234375 0.993602688029661 0.40234375 0.9527912032132768
4 0.890625 0.9967420330155368 0.8916015625 0.9951723605225988
0 0.349609375 0.2338812014477401 0.3603515625 0.21661480402542374
0 0.1796875 0.24329923640536724 0.181640625 0.24015989141949154
0 0.681640625 0.3563156558968927 0.69140625 0.3406189309675141
0 0.791015625 0.384569760769774 0.7919921875 0.3830000882768362
3 0.76171875 0.3782910707980226 0.7626953125 0.3767213983050847
3 0.263671875 0.3468976209392655 0.2646484375 0.3453279484463277
3 0.53125 0.27783203125 0.53125 0.2746926862641243
1 0.521484375 0.20876644156073446 0.5224609375 0.2071967690677966
