3 0.115234375 0.7384672619047619 0.1435546875 0.7180059523809523
3 0.39453125 0.8240327380952381 0.4111328125 0.8110119047619048
3 0.642578125 0.7607886904761905 0.6708984375 0.7403273809523809
3 0.9140625 0.7570684523809523 0.9326171875 0.7514880952380952
0 0.587890625 0.47805059523809523 0.5927734375 0.47619047619047616
1 0.498046875 0.43712797619047616 0.501953125 0.39620535714285715
1 0.845703125 0.4296875 0.8642578125 0.42410714285714285
1 0.189453125 0.40736607142857145 0.2001953125 0.4017857142857143
4 0.7265625 0.9951636904761905 0.734375 0.9281994047619048
4 1.0 0.9951636904761905 0.9990234375 0.6622023809523809
2 0.76953125 0.30691964285714285 0.783203125 0.08370535714285714
2 0.265625 0.21763392857142858 0.275390625 0.20647321428571427
2 0.794921875 0.12462797619047619 0.8056640625 0.10788690476190477
