3 0.435546875 0.4022833742872149 0.4423828125 0.3983777104591837
3 0.091796875 0.3085474424144658 0.1025390625 0.30203800270108044
3 0.91796875 0.25647192470738295 0.9287109375 0.25256626087935174
3 0.7109375 0.23824549350990396 0.7138671875 0.23694360556722688
0 0.544921875 0.6548496351665666 0.552734375 0.6340194280837335
0 0.2890625 0.9516800860969388 0.291015625 0.9490763102115847
0 0.2109375 0.6652647387079832 0.224609375 0.6470383075105042
0 0.82421875 0.46217021965036015 0.8310546875 0.45826455582232895
2 0.478515625 0.35020785658013204 0.484375 0.3450003048094238
2 0.16015625 0.23824549350990396 0.162109375 0.23043416585384155
2 0.955078125 0.17315109637605042 0.95703125 0.16794354460534214
1 0.068359375 0.23043416585384155 0.072265625 0.2278303899684874
4 0.291015625 0.9959442761479592 0.294921875 0.993340500262605
4 0.625 0.9959442761479592 0.626953125 0.993340500262605
4 0.92578125 0.9959442761479592 0.9306640625 0.9946423882052821
4 0.701171875 0.9022083442752101 0.7099609375 0.900906456332533
