0 0.3046875 0.6677332180007052 0.330078125 0.639097485454866
0 0.478515625 0.662526721174189 0.490234375 0.6495104791078985
0 0.6015625 0.6651299695874471 0.6201171875 0.6534153517277856
0 0.71484375 0.6599234727609309 0.728515625 0.6338909886283498
3 0.404296875 0.3267076758638928 0.4296875 0.30327844014456984
3 0.6484375 0.3136914337976023 0.673828125 0.28245245283850495
1 0.611328125 0.23559398139985896 0.6376953125 0.21346636988716503
1 0.435546875 0.2512134718794076 0.44140625 0.23038748457334274
2 0.35546875 0.1679095226551481 0.353515625 0.15749652900211566
2 0.59375 0.18873550996121297 0.6181640625 0.16660789844851903
4 0.48828125 0.995742518071227 0.482421875 0.7328144283321579
4 0.75390625 0.995742518071227 0.7578125 0.993139269657969
