4 0.16796875 0.9990234375 0.189453125 0.9736328125
4 0.80859375 0.8037109375 0.8134765625 0.798828125
4 0.609375 0.9990234375 0.609375 0.9794921875
2 0.134765625 0.4462890625 0.146484375 0.4365234375
2 0.99609375 0.3740234375 1.0 0.3701171875
3 0.19140625 0.5126953125 0.2333984375 0.498046875
3 0.513671875 0.4794921875 0.5322265625 0.470703125
3 0.931640625 0.4814453125 0.9541015625 0.474609375
1 0.861328125 0.4228515625 0.8681640625 0.41796875
0 0.328125 0.8369140625 0.3466796875 0.83203125
0 0.669921875 0.7021484375 0.671875 0.6826171875
0 0.4296875 0.7529296875 0.4384765625 0.748046875
0 0.72265625 0.7412109375 0.7470703125 0.728515625
