3 0.669921875 0.4673077103329334 0.6748046875 0.46079924640071984
3 0.109375 0.7432665810587883 0.1162109375 0.7419648882723455
3 0.318359375 0.43346369788542294 0.318359375 0.42825692673965204
3 0.955078125 0.4438772401769646 0.9638671875 0.4399721618176365
4 0.94140625 0.9957949816286743 0.9501953125 0.9944932888422315
4 0.48828125 0.9957949816286743 0.50390625 0.9723645114727054
4 0.37890625 0.6469413148620275 0.390625 0.6209074591331734
4 0.98046875 0.9931915960557889 0.982421875 0.9905882104829035
2 0.8359375 0.18614206846130774 0.8505859375 0.17442683338332335
2 0.04296875 0.5402025063737252 0.0478515625 0.5389008135872826
2 0.33203125 0.397016299865027 0.333984375 0.3944129142921416
2 0.4921875 0.24341655106478705 0.5009765625 0.23430470155968805
