0 0.36328125 0.9045138888888888 0.3671875 0.9010416666666666
0 0.53125 0.8350694444444444 0.5341796875 0.8229166666666666
0 0.751953125 0.9045138888888888 0.7568359375 0.8888888888888888
0 0.91015625 0.9982638888888888 0.9345703125 0.9756944444444444
3 0.298828125 0.3697916666666667 0.32421875 0.3246527777777778
3 0.587890625 0.4670138888888889 0.591796875 0.453125
3 0.798828125 0.421875 0.8125 0.4079861111111111
4 0.310546875 0.9947916666666666 0.310546875 0.8489583333333334
4 0.62890625 0.9947916666666666 0.63671875 0.8524305555555556
4 0.8984375 0.9947916666666666 0.90234375 0.9774305555555556
2 0.541015625 0.3940972222222222 0.5654296875 0.3819444444444444
1 0.33203125 0.3038194444444444 0.34375 0.2829861111111111
1 0.802734375 0.3663194444444444 0.814453125 0.3559027777777778
1 0.591796875 0.4253472222222222 0.59375 0.4010416666666667
