0 0.107421875 0.5347625672700587 0.15234375 0.5204065251956947
0 0.384765625 0.7429251773483366 0.4052734375 0.7106240826810176
0 0.19921875 0.618506146037182 0.2197265625 0.6029537671232876
3 0.23046875 0.3098512414383562 0.2626953125 0.3062622309197652
3 0.46875 0.21653696795499022 0.4814453125 0.21294795743639922
1 0.18359375 0.2308930100293542 0.1845703125 0.21294795743639922
4 0.248046875 0.9965485873287672 0.2578125 0.9821925452544031
4 0.32421875 0.9965485873287672 0.3349609375 0.9498914505870841
4 0.25 0.9965485873287672 0.27734375 0.8936636191291585
4 0.1953125 0.9965485873287672 0.19921875 0.9917632399706457
4 0.8984375 0.2117516205968689 0.90625 0.11604467343444227
