4 0.81640625 0.9606584821428571 0.8564453125 0.9411064099147122
4 0.29296875 0.41320045975479747 0.294921875 0.36627548640724944
4 0.5390625 0.9137335087953091 0.5654296875 0.9020022654584222
4 0.5390625 0.9137335087953091 0.5595703125 0.9020022654584222
2 0.603515625 0.13686450559701493 0.60546875 0.09254647521321961
2 0.857421875 0.2593908248933902 0.865234375 0.2228936234008529
0 0.666015625 0.9163404517590619 0.669921875 0.8016349613539445
0 0.4296875 0.6400044976012793 0.4404296875 0.6256663113006397
0 0.28125 0.2776394256396588 0.28125 0.23853528118336886
0 0.65234375 0.509657349413646 0.669921875 0.48098097681236673
1 0.55859375 0.20203807969083157 0.580078125 0.18900336487206823
1 0.802734375 0.29067414045842216 0.7958984375 0.2528734674840085
3 0.779296875 0.3584546575159915 0.798828125 0.34281299973347545
3 0.5390625 0.2672116537846482 0.5703125 0.23071445229211088
